2829.34 7905.47
2828.75 7907.04
2828.75 7907.04
2830.48 7905.95
2829.67 7906.15
2832.26 7907.22
2832.31 7907.09
2830.54 7906.17
2831.65 7907.74
2830.66 7907.21
2832.33 7905.05
2831.26 7906.87
2832.94 7907.58
2832.05 7906.45
2837.59 7907.5
2838.42 7908.86
2838.42 7908.86
2844.84 7912.42
2854.31 7911.32
2861.78 7913.48
2866.54 7913.39
2879.6 7911.25
2889.79 7910.89
2900.72 7910.9
2909.87 7912.52
2930.15 7913.92
2954.77 7914.29
2966.38 7916.74
3008.06 7915.16
3030.18 7912.99
3062.9 7911.2
3062.9 7911.2
3087.48 7911.93
3097.34 7918.09
3121.92 7915.88
3149.99 7914.8
3175.66 7912.34
3193.13 7912.6
3193.13 7912.6
3251.23 7909.6
3273.88 7911.44
3297.62 7913.48
3297.62 7913.48
3322.37 7915.61
3352.29 7915.77
3403.56 7912.99
3403.56 7912.99
3427.59 7911.98
3468.72 7910.02
3468.72 7910.02
3469.08 7912.41
3531.61 7909.97
3531.61 7909.97
3541.69 7907.92
3583.08 7915.09
3583.08 7915.09
3458.41 7933.89
3590.52 7941.3
3590.52 7941.3
3511.51 7940.62
3559.19 7947.94
3577 7940.58
3596.03 7948.03
3596.03 7948.03
3636.57 7941.84
3709.24 7933.49
3708.59 7934.3
3784.85 7914.98
3798.92 7922.22
3798.92 7922.22
3826.46 7910.72
3877 7895.27
3890.34 7908.48
3907.09 7914.7
3929.28 7908.79
3979.56 7910.36
3986.74 7919.29
3986.74 7919.29
4003.76 7936.33
4025.2 7927.58
4054.62 7908.64
4076.68 7919.23
4219.91 7920.88
4145.61 7910.21
4167.26 7908.72
4189.9 7912.88
4234.25 7904.28
4266.07 7899.04
4299.72 7909.44
4313.49 7908.54
4339.44 7902.71
4343.19 7891.07
4377.17 7899.32
4436.66 7908.66
4436.12 7912.4
4454.3 7897.74
4491.18 7888.53
4517.25 7885.05
4517.18 7890.07
4549.09 7893.3
4566.71 7900.39
4667.36 7886.57
4703.28 7896.6
4645.03 7888.83
4655.58 7896.01
4651.87 7899.39
4721.79 7895.28
4731.45 7894.31
4770.21 7891.55
4783.25 7894.42
4871.53 7890.86
4833.51 7895.81
4842.69 7897.55
4853.27 7897.05
4878.85 7892.48
4968.3 7888.74
4941.54 7895.37
4967.19 7893.46
4988.27 7892.76
5019.79 7887.64
5042.43 7894.65
5074.83 7903.31
5082.15 7902.44
5104.04 7896.01
5145.66 7891.64
5181.54 7893.29
5176.4 7898.7
5196.23 7897.14
5223.01 7895.19
5261.82 7892.39
5272.15 7895.29
5298.7 7895.26
5305.95 7897.03
5347.86 7898.01
5341.5 7902.67
5387.57 7901.21
5418.66 7898.03
5436.42 7897.28
5459.95 7894.48
5501.97 7898
5501.97 7898
5530.25 7900.2
5546.2 7901.47
5580 7898.2
5597.47 7894.7
5597.47 7894.7
5625.13 7896.45
5645.97 7897.25
5670.79 7895.9
5714.51 7892.66
5714.51 7892.66
5749.35 7893.43
5746.42 7895.17
5782.27 7896.31
5782.27 7896.31
5834.76 7884.17
5862.02 7884.34
5882.18 7888.08
5882.18 7888.08
5907.79 7892.39
5945.91 7890.53
5945.91 7890.53
5978.38 7890.75
6040.3 7887.29
6040.3 7887.29
6048.88 7893.03
6096.52 7896.54
6147.36 7890.23
6166.24 7881.49
6166.24 7881.49
6046.4 7937.49
6255.28 7896.65
6255.28 7896.65
6012.31 7887.78
6194.57 7947.69
6194.57 7947.69
6085.95 7904.42
6143.28 7884.24
6143.28 7884.24
6479.34 7941.94
6201.91 7903.93
6201.91 7903.93
6440.47 7891.15
6513.27 7887.13
6513.27 7887.13
6590.64 7893.8
6590.64 7893.8
6584.83 7879.92
6637.75 7863.36
6637.75 7863.36
6656.76 7865.65
6703.38 7854.77
6703.38 7854.77
6743.64 7868.54
6743.64 7868.54
6743.64 7868.54
6585.92 7902.35
6646.74 7876.15
6629.18 7900.86
6726.16 7940.91
6722.56 7923.16
6815.62 7954.45
6830.13 7948.16
6837.93 7934.85
6813.96 7928.92
6967.57 7914
6831.27 7921.65
6926.33 7912.54
6930.27 7902.08
6930.27 7902.08
6951.19 7912.68
6954.99 7908.92
7095.32 7875.18
7032.44 7898.23
7046.43 7909.79
7081.92 7917.04
7091.21 7923.34
7114.26 7914.1
7125.09 7918.33
7166.58 7900.1
7310.9 7905.51
7212.42 7918.74
7256.05 7926.22
7290.58 7921.53
7288.35 7911.89
7308.4 7910.82
7362.59 7917.04
7362.59 7917.04
7377.62 7921.32
7400.56 7921.63
7437.95 7930.12
7459.61 7929.84
7500.85 7922.95
7506.12 7925.81
7553.62 7924.07
7556.2 7917.18
7601.6 7906.34
7610.03 7909.58
7637.73 7908.36
7704.49 7903.83
7692.81 7907.32
7740.69 7908.13
7760.61 7909.45
7786.36 7904.38
7803.68 7908.43
7815.69 7916.42
7849.26 7914.39
7883.88 7911.34
7883.88 7911.34
7908.57 7905.95
7923.29 7915.28
7963.01 7912.77
7987.62 7910.1
8017.97 7909.71
8040.39 7911.69
8058.3 7914.52
8075.62 7915.58
8094.97 7914.83
8126.88 7914.31
8139.81 7910.3
8157.36 7911.51
8182.49 7912.04
8282.67 7919.47
8228.04 7917.32
8240.99 7915.06
8272.02 7912.64
8307.7 7916.31
8418.88 7921.56
8377.84 7915.95
8393.46 7915.88
8478.87 7918.52
8445.15 7916.13
8445.15 7916.13
8462.17 7917.22
8532.69 7916.56
8532.69 7916.56
8502.19 7920.33
8534.82 7923.85
8556.09 7926.34
8556.09 7926.34
8610.93 7925.38
8603.54 7924.09
8625.48 7923.13
8625.48 7923.13
8674.37 7926.9
8597.59 7918.11
8597.59 7918.11
8723.54 7930.53
8676 7920.09
8676 7920.09
8699.92 7902.24
8727.91 7910.21
8727.91 7910.21
8766.29 7915.58
8789.17 7918.16
8824.16 7901.9
8961.21 7908.12
8974.19 7914.85
9098.39 7911.82
8975.86 7917.16
8975.86 7917.16
9072.9 7938.68
9036.77 7935.48
9029.81 7923.92
9168.46 7905.33
9188.4 7929.26
9114.51 7917.88
9156.76 7914.26
9156.76 7914.26
9186.73 7922.75
9205.86 7927.99
9243.98 7914.34
9266.47 7897.17
9293.38 7921.1
9380.69 7927.12
9380.69 7927.12
9497.74 7991.43
9372.44 7913.7
9395.39 7924.61
9420.85 7923.23
9546.37 7935.16
9546.37 7935.16
9617.29 7978.33
9501.78 7927.16
9533.21 7925.05
9555.32 7913.93
9555.32 7913.93
9600.41 7907.26
9642.36 7913.89
9655.71 7917.57
9684.06 7920
9717.57 7908.19
9773.21 7906.99
9812.6 7912.91
9812.6 7912.91
9802.85 7913.6
9845.37 7913.21
9858.03 7910.43
9887.5 7905.29
9886.76 7909.11
9963.16 7909.65
9946.59 7903.93
9954.38 7900.03
9992.71 7899.28
9986.55 7901.27
10028 7901.34
10071.4 7898.29
10071.4 7898.29
10076.4 7897.35
10126.6 7897.03
10146.9 7894.7
10166.4 7894.06
10179.7 7894.97
10216.9 7895.76
10272 7896.75
10262.4 7896.75
10273.9 7896.36
10299.8 7892.24
10351.4 7889.02
10360.5 7890.47
10397 7892.12
10405 7890.44
10405 7890.44
10443.3 7890.65
10444.8 7888.84
10470.6 7891.27
10500.6 7893.98
10526.7 7893.74
10549.7 7892.79
10560.6 7891.1
10593.7 7891.6
10593.7 7891.6
10593.7 7891.6
10614.8 7894.25
10636.2 7896.92
10636.2 7896.92
12085.7 7896.2
12115.9 7888.3
12115.9 7888.3
12115.9 7888.3
12126.1 7890
12161 7881.72
12161 7881.72
12172.6 7879.1
12204.8 7872.21
12204.8 7872.21
12204.8 7872.21
12223.9 7858.5
12252.2 7855.01
12252.2 7855.01
12252.2 7855.01
12262.2 7857.78
12291.6 7847.66
12291.6 7847.66
12291.6 7847.66
12298.1 7849.75
12327 7845.13
12327 7845.13
12327 7845.13
12340.9 7837.76
12369.1 7822.02
12369.1 7822.02
12369.1 7822.02
12381.3 7825.4
12415.6 7812.6
12415.6 7812.6
12415.6 7812.6
12426.4 7814.81
12459.3 7792.89
12459.3 7792.89
12470.9 7793.67
12501.7 7787.1
12501.7 7787.1
12501.7 7787.1
12511.7 7789.87
12536.3 7775.01
12536.3 7775.01
12536.3 7775.01
12551.7 7767.54
12583.9 7754.93
12583.9 7754.93
12583.9 7754.93
12597.2 7752.06
12629.9 7746.24
12629.9 7746.24
12629.9 7746.24
12641.4 7741
12676.7 7739.28
12676.7 7739.28
12676.7 7739.28
12688.2 7732.96
12726.8 7705.29
12726.8 7705.29
12726.8 7705.29
12726.8 7705.29
12742.8 7702.81
12766.7 7705.89
12766.7 7705.89
12766.7 7705.89
12782.7 7694.14
12824.6 7678.01
12824.6 7678.01
12824.6 7678.01
12824.6 7678.01
12832.3 7680.13
12886.5 7642.49
12886.5 7642.49
12886.5 7642.49
12886.5 7642.49
12891.2 7658.38
12931.2 7632.77
12931.2 7632.77
12931.2 7632.77
12936.3 7647.88
12982.7 7618.81
12982.7 7618.81
12982.7 7618.81
12982.7 7618.81
12998 7609.78
13041.2 7593.44
13041.2 7593.44
13041.2 7593.44
13041.2 7593.44
13051.9 7589.91
13091.1 7573.63
13091.1 7573.63
13091.1 7573.63
13091.1 7573.63
13100.1 7578.97
13145.2 7544.34
13145.2 7544.34
13145.2 7544.34
13155.2 7547.22
13192 7531.1
13192 7531.1
13192 7531.1
13192 7531.1
13212.2 7512.55
13250.8 7496.76
13250.8 7496.76
13250.8 7496.76
13265.3 7472.38
13293.6 7474.64
13293.6 7474.64
13293.6 7474.64
13296.6 7463.22
13330.2 7441.31
13330.2 7441.31
13330.2 7441.31
13336.4 7430.97
13361.5 7414.53
13361.5 7414.53
13373.3 7391.36
13388.5 7371.36
13388.5 7371.36
13388.5 7371.36
13392.8 7378.68
13415.8 7341.48
13415.8 7341.48
13415.8 7341.48
13423.4 7343.57
13440.4 7317.01
13440.4 7317.01
13440.4 7317.01
13446 7299.55
13465.4 7283.14
13465.4 7283.14
13465.4 7283.14
13470.8 7276.49
13502.2 7245.86
13502.2 7245.86
13502.2 7245.86
13502.1 7238.99
13526.8 7214.35
13526.8 7214.35
13526.8 7214.35
13531.9 7206.97
13550.3 7173.33
13550.3 7173.33
13562.4 7170.5
13562.4 7170.5
13582.1 7141.83
13582.1 7141.83
13595.3 7135.97
13617.5 7103.36
13617.5 7103.36
13617.5 7103.36
13626.2 7097.56
13614.1 7052.64
13614.1 7052.64
13662.2 7060.47
13682.3 7038.38
13682.3 7038.38
13682.3 7038.38
13691.2 7032.37
13715.8 7000.29
13715.8 7000.29
13715.8 7000.29
13727.2 6991.98
13751.8 6965.35
13751.8 6965.35
13751.8 6965.35
13753.8 6954.21
13744.6 6928.99
13744.6 6928.99
13744.6 6928.99
13744.6 6928.99
13770.9 6922.66
13770.9 6922.66
13770.9 6922.66
13770.9 6922.66
13770.9 6922.66
13770.9 6922.66
13770.9 6922.66
13770.9 6922.66
13770.9 6922.66
13770.9 6922.66
13770.9 6922.66
13770.9 6922.66
13770.9 6922.66
13770.9 6922.66
13770.9 6922.66
13770.9 6922.66
13770.9 6922.66
13770.9 6922.66
13770.9 6922.66
13770.9 6922.66
13745.8 7017.73
13745.8 7017.73
13745.8 7017.73
13782.3 6949.89
13805.4 6915.4
13805.4 6915.4
13805.4 6915.4
13827.5 6870.47
13824.9 6835.6
13824.9 6835.6
13824.9 6835.6
13831.8 6821.1
13842.2 6803.09
13842.2 6803.09
13842.2 6803.09
13842.2 6803.09
13872.3 6631.82
13877.8 6608.87
13880.1 6597.97
13890.7 6554.62
13890.7 6554.62
13890.7 6554.62
13875.2 6711.19
13888.4 6644.83
13890 6630.03
13897.2 6633.19
13902.9 6609.99
13908.4 6593.17
13908.7 6573.85
13921.7 6573.27
13922.1 6545.29
13932.3 6525.35
13932.2 6524.6
13939.7 6511.57
13946.4 6489.96
13944.6 6491.77
13958.4 6471.02
13959.9 6440.72
13966 6437.3
13966.6 6429.76
13972.2 6408.77
13977.4 6398.81
13983.7 6395.46
13984.5 6371.2
13988.5 6367.7
13989.7 6347.62
14003.8 6329.4
14003.4 6320.24
13998.6 6287.46
14006.1 6284.24
14008.1 6271.32
14010.6 6261.56
14009.5 6239.42
14011.6 6223.92
14011.6 6218.92
14016.7 6201.17
14016.7 6201.17
14020.5 6188.23
14022.6 6173.16
14020.4 6152.36
14022.1 6169.75
14028.9 6139.96
14033.3 6126.77
14035.6 6115.88
14038.8 6098.5
14043 6066.15
14047.8 6051.09
14054 6035.59
14056.9 6023.18
14053.5 6013.98
14054.8 5962.5
14058.3 5971.48
14055.2 5933.15
14057.3 5924.31
14045.6 5836.05
14056.1 5847.77
14056.6 5829.21
14052.7 5764.32
14057.4 5801.05
14052.3 5701.82
14060.4 5734.43
14060.3 5660.92
14056 5681.07
14052.4 5625.43
14057.9 5639.18
14066.1 5562.35
14063.9 5585.5
14060.9 5551.39
14055 5520.49
14053.2 5504.65
14056 5480.54
14053 5409.21
14049.7 5422.83
14043.5 5419.2
14046.1 5383.77
14048.5 5368.04
14046.9 5334.76
14037.5 5313.7
14048.8 5238.43
14042.3 5257.84
14045.8 5238.83
14042.3 5209.78
14033.9 5194.54
14032.2 5160.73
14030.5 5154.18
14030.1 5124.59
14026.2 5098.24
14026.2 5098.24
14032.8 5029.08
14032.8 5029.08
14024.8 5043.64
14028.9 4977.47
14020.2 4989.75
14014.7 4946.59
14022.1 4882.37
14020.3 4868.92
14008.5 4884.48
14002.9 4859.82
14008.7 4803.68
14003.6 4801.42
14000.7 4772.38
13990.4 4733.69
13990.4 4733.69
13988.8 4703.91
13989.7 4659.55
13989.7 4659.55
13993.4 4661.25
14000.3 4613.84
13990.2 4613.7
13990.2 4613.7
13986.5 4587.02
13988.6 4544.65
13981.7 4549.78
13981.7 4549.78
13985.9 4504.12
13981 4501.16
13981 4501.16
13981.8 4483.92
13981.5 4416.63
13981.5 4416.63
13980.6 4416.86
13985.7 4359.28
13950.6 4440.14
13950.6 4440.14
13949.8 4418.52
13944.6 4376.21
13939.6 4358.33
13939.6 4358.33
13928.5 4337.72
13926.2 4288.88
13926.2 4288.88
13944.3 4260.15
13922.8 4229.31
13920.5 4197.66
13917.4 4164.53
13917.4 4164.53
13922.2 4157.69
13925.9 4129.32
13917.9 4102.14
13910.6 4067.53
13917.7 4033.71
13926.6 4024.4
13921.5 4009.86
13934.7 3970.84
13935 3945.7
13915.7 3922.95
13915.7 3922.95
13932.7 3909.84
13921.7 3876.65
13925.9 3867.23
13924.7 3838.4
13939.2 3822.81
13955.7 3803.08
13949.9 3759.64
13952.4 3740.07
13951.3 3695.51
13951.7 3670.26
13947.5 3649.74
13950.3 3627.89
13949.6 3603.06
13949.8 3582.57
13964.1 3550.56
13957.9 3532.5
13965.7 3507.69
13957 3485.65
13957 3458.59
13953.8 3442.73
13953.8 3442.73
13956.1 3414.35
13966.6 3387.22
13956.4 3365.74
13964.9 3339.96
13955.1 3319.23
13960.3 3294.34
13956.4 3266.28
13947.6 3252.01
13957.9 3218.82
13957.1 3190.93
13944.9 3171.13
13943.1 3152.37
13943.1 3152.37
13950.4 3127.14
13946 3105.99
13953.1 3079.07
13947.4 3056.23
13947.4 3056.23
13947.4 3056.23
13947.4 3056.23
13947.4 3056.23
13947.4 3056.23
13947.4 3056.23
13947.4 3056.23
13947.4 3056.23
13947.4 3056.23
13947.4 3056.23
13947.4 3056.23
13947.4 3056.23
13947.4 3056.23
13947.4 3056.23
13947.4 3056.23
13947.4 3056.23
13938.6 2969.24
13938.6 2969.24
13938.9 2952.6
13927.2 2871.77
13924.8 2816.49
13915.4 2746.96
13912 2733.3
13911.8 2723.43
13909.4 2711.33
13907.4 2699.58
13908.8 2688.14
13906.6 2673.4
13904 2664.34
13901.6 2650.69
13900.5 2641.68
13901 2629.68
13901.2 2619.83
13899.2 2607.73
13900.2 2593.59
13900.6 2573.04
13900.6 2559.39
13898 2549.66
13897 2537.73
13896.8 2529.39
13902 2516.78
13902 2516.78
13903.2 2503.65
13903.2 2492.56
13900.2 2482.58
13898.3 2472.11
13898.3 2458.52
13898.8 2448.18
13900.1 2436.34
13897.7 2427.25
13896.9 2413.3
13897.5 2400.46
13897.8 2388.48
13894.7 2366.57
13894.7 2366.57
13894.7 2366.57
13894.7 2366.57
13897.5 2352.71
13896.1 2342.3
13896.1 2342.3
13896.1 2342.3
13956 2363.86
13963.3 2359.63
13963.3 2359.63
13963.3 2359.63
13963.3 2359.63
13964.9 2342.16
13965.2 2311.18
13965.2 2311.18
13965.2 2311.18
13965.2 2311.18
13961.5 2294.93
13967.1 2250.77
13967.1 2250.77
13967.1 2250.77
13972.2 2238.27
13975.3 2176.54
13975.3 2176.54
13975.3 2176.54
13956.5 2154.59
13953.7 2122.9
13953.7 2122.9
13953.7 2122.9
13956.4 2109.36
13938.5 2080.98
13938.5 2080.98
13938.5 2080.98
13944.3 2060.09
13909.7 2015.12
13909.7 2015.12
13909.7 2015.12
13962.6 2028.92
13913.2 1979.47
13913.2 1979.47
13913.2 1979.47
13948 1981.89
13900.9 1934.51
13900.9 1934.51
13900.9 1934.51
13913.6 1926.02
13914.7 1893.22
13914.7 1893.22
13914.7 1893.22
13909.5 1870.79
13906.6 1837.7
13906.6 1837.7
13906.6 1837.7
13900.9 1814.26
13866.4 1768.36
13866.4 1768.36
13866.4 1768.36
13866.4 1768.36
13895.9 1771.92
13855.7 1736.94
13855.7 1736.94
13855.7 1736.94
13843.7 1718.11
13860.9 1680.67
13860.9 1680.67
13860.9 1680.67
13861.1 1682.57
13855.1 1645.23
13855.1 1645.23
13857.8 1642.11
13828.7 1589.88
13828.7 1589.88
13828.7 1589.88
13836.3 1588.92
13821.5 1548.09
13821.5 1548.09
13821.5 1548.09
13806 1535.73
13797.6 1510.27
13797.6 1510.27
13797.6 1510.27
13792.2 1499.31
13766.2 1469.61
13766.2 1469.61
13766.2 1469.61
13766.2 1469.61
13769.2 1462.27
13744.7 1424.3
13744.7 1424.3
13744.7 1424.3
13744.7 1424.3
13741.6 1414.12
13744.2 1395.14
13744.2 1395.14
13744.2 1395.14
13744.2 1395.14
13728.9 1383.69
13709.2 1338.52
13709.2 1338.52
13709.2 1338.52
13707.3 1332.37
13680.5 1289.39
13680.5 1289.39
13676.1 1279.32
13678.6 1259.03
13645 1228.58
13645 1228.58
13624 1197.17
13620 1184.5
13609.1 1176.26
13579.2 1156.23
13579.2 1156.23
13600.2 1148.76
13586.4 1136.24
13566.2 1108.78
13583.9 1116.45
13583.9 1116.45
13558.4 1098.36
13558.8 1085.03
13564.5 1067.71
13547 1053.98
13518 1039.23
13517.9 1025.2
13478.7 1001.29
13504 1005.84
13486.6 990.061
13496.7 986.864
13485.7 977.327
13485.7 977.327
13458.3 967.7
13463.6 960.629
13451.2 948.114
13435.6 940.866
13434.6 932.093
13417.3 914.196
13403.9 902.294
13395.2 898.107
13376.8 890.187
13390.5 884.06
13375.3 871.757
13383.8 865.933
13352.7 856.717
13356.1 849.099
13344.3 840.902
13325.8 827.026
13316.2 821.745
13319.1 813.955
13306.4 806.524
13304.8 802.766
13297.1 792.647
13297.1 792.647
13278.2 771.154
13251.5 762.364
13260.9 757.978
13246.7 748.751
13259.3 742.162
13226.2 728.302
13242.2 721.247
13227.8 712.867
13210.7 707.644
13191 698.538
13191 698.538
13195.8 690.548
13178.6 674.284
13165.3 667.223
13154.2 661.511
13145 652.578
13131.6 644.684
13114.7 637.098
13118 629.824
13118 629.824
13112.1 620.502
13099.1 614.802
13083.3 608.622
13049.4 595.426
13052.9 588.942
13030.1 584.763
13028.3 576.876
13013 569.745
13006.3 559.831
12999.8 551.716
12984.7 539.037
12984.7 539.037
12962.7 529.085
12965 521.158
12952.1 514.611
12935.2 509.671
12930.7 501.82
12916.3 495.538
12904.8 489.793
12893.3 479.861
12883 473.53
12878 466.061
12864.9 460.59
12860.2 453.245
12847 446.155
12830.8 440.918
12819.8 438.094
12811.9 431.256
12803.7 426.785
12789.3 414.961
12777.4 410.092
12761.6 407.388
12751.4 400.149
12749 391.658
12739 388.075
12724.4 380.51
12711.1 376.109
12699.2 368.262
12695.4 364.929
12674.6 366.303
12670.3 359.717
12657.5 352.116
12640.9 349.568
12626.6 348.729
12623.1 343.51
12606.1 336.944
12600.1 332.201
12584.6 329.671
12580.4 323.987
12564.4 319.928
12555.5 313.417
12544.3 308.007
12536.8 298.01
12520 302.222
12520 302.222
12508.7 295.003
12508.7 295.003
12498.9 293.581
12498.9 293.581
12492.3 280.898
12473 286.206
12473 286.206
12473 286.206
12466.2 275.184
12441.7 272.791
12441.7 272.791
12423.6 261.192
12372.1 266.168
12372.1 266.168
12344.9 245.09
12344.9 245.09
12344.9 245.09
12334.3 238.361
12309 244.405
12309 244.405
12295.2 238.555
12276.6 227.896
12276.6 227.896
12276.6 227.896
12264.8 224.416
12241.1 216.345
12241.1 216.345
12241.1 216.345
12228.3 216.045
12196.9 201.832
12196.9 201.832
12180.6 210.61
12150.9 196.956
12150.9 196.956
12137 190.741
12078 188.51
12078 188.51
12052.2 190.558
12014.9 195.13
12014.9 195.13
12014.9 195.13
11994.7 177.543
11953.8 196.643
11953.8 196.643
11933 166.813
11862.9 176.628
11862.9 176.628
11862.9 176.628
11843.9 172.007
11843.9 172.007
11843.9 172.007
11843.9 172.007
11843.9 172.007
11924.8 144.938
11893.2 131.201
11893.2 131.201
11844 128.04
11803.1 129.735
11744.4 127.479
11623.8 113.096
11566.9 105.794
11559.8 101.53
11541.2 93.2231
11492.4 99.6002
11534.3 91.0512
11445.9 111.994
11464.4 101.637
11442.3 110.237
11398.4 111.174
11398.4 111.174
11377.8 111.659
11304.8 137.753
11343.7 136.555
11283.1 131.875
11300.9 126.908
11224.4 139.188
11210.5 141.764
11199 142.712
11186.6 149.595
11167.2 154.304
11110.9 153.779
11110.9 153.779
11074.6 161.924
11050.8 168.035
11049.4 166.129
11027.1 166.664
11051.2 172.407
10973.8 174.093
10954.3 174.698
10906.2 174.455
10903.4 179.753
10862.9 183.646
10834.8 186.14
10818.6 183.736
10819.2 185.116
10789.4 186.206
10760.5 189.337
10758.3 187.307
10730.2 187.244
10693.8 189.061
10697.4 191.235
10697.4 191.235
10666.2 201.706
10647.1 202.502
10607.1 198.51
10593 198.925
10574.9 199.484
10555.2 199.938
10532.8 200.4
10503.5 194.071
10503.5 194.071
10655.6 181.13
10627.5 191.703
10627.5 191.703
10627.5 191.703
10549.6 145.278
10612 204.429
10612 204.429
10612 204.429
10534.9 175.351
10491.8 197.043
10491.8 197.043
10491.8 197.043
10459.4 178.98
10432.8 220.193
10432.8 220.193
10432.8 220.193
10259.7 192.947
10194.1 185.693
10194.1 185.693
10194.1 185.693
10185.7 187.842
10115.1 182.88
10115.1 182.88
10115.1 182.88
10102.2 179.769
10027.3 179.218
10027.3 179.218
10027.3 179.218
10156.1 185.167
10064.3 187.645
10064.3 187.645
10040.7 215.82
9955.87 151.144
9955.87 151.144
9955.87 151.144
9953.48 168.238
9879.38 173.21
9879.38 173.21
9879.38 173.21
9889.26 175.282
9856.09 176.614
9856.09 176.614
9856.09 176.614
9786.9 164.023
9744.27 162.152
9744.27 162.152
9705.26 177.671
9705.26 177.671
9631.75 170.928
9625.17 165.908
9521.67 187.596
9521.67 187.596
9525.6 174.6
9285.54 183.44
9422.3 178.006
9422.3 178.006
9392.86 181.123
9367.39 185.749
9367.39 185.749
9353.27 173.113
9312.06 173.092
9164.66 154.702
9232.57 162.214
9211.63 172.417
9144.44 165.885
9146.81 165.29
9102.21 165.168
9040.27 171.152
9041.45 151.52
9002.45 169.061
9049.42 169.906
8995.7 171.648
8968.29 171.709
8968.29 171.709
8942.79 168.516
8909.89 164.969
8846.38 169.973
8802.72 172.339
8782.07 167.32
8820.5 169.977
8815.71 169.569
8751.35 162.142
8751.35 162.142
8712.93 165.445
8703.09 169.216
8682.15 168.524
8646.22 170.124
8623.7 165.285
8580.07 168.654
8600.26 166.57
8555.23 164.485
8467.61 159.154
8497.04 158.759
8454.31 162.271
8454.31 162.271
8433.87 161.75
8417.15 164.706
8385.4 165.094
8365.15 166.646
8338.99 163.203
8314.26 163.709
8249.04 164.89
8256.34 167.657
8245.29 163.342
8209.94 161.892
8209.94 161.892
8180.78 158.846
8132.91 159.814
8141.82 160.864
8083.52 160.858
8054.14 155.997
8063.29 159.251
8017.26 158.466
7984.39 156.448
7972.89 154.227
7946.93 155.902
7929.59 158.96
7902.09 156.999
7880.03 157.117
7855.82 154.323
7837.62 155.199
7837.62 155.199
7837.62 155.199
7912.15 148.338
7883.79 177.052
7883.79 177.052
7850.65 139.113
7835.28 173.104
7835.28 173.104
7835.28 173.104
7796.45 136.246
7766.89 135.637
7766.89 135.637
7741.74 106.519
7741.74 106.519
7705.39 192.251
7705.39 192.251
7538.13 140.045
7538.13 140.045
7492.82 124.041
7492.82 124.041
7462.66 137.509
7462.66 137.509
7398.07 137.854
7398.07 137.854
7398.07 137.854
7375.9 130.617
7433.61 124.628
7433.61 124.628
7423.69 138.947
7340.88 118.275
7340.88 118.275
7340.88 118.275
7287.77 124.874
7234.76 133.756
7234.76 133.756
7218.02 114.651
7218.02 114.651
7158.85 109.994
7158.85 109.994
7022.81 130.691
6974.44 134.56
6974.44 134.56
6936.4 146.526
6936.4 146.526
6936.4 146.526
6998.01 119.621
6978.5 119.225
6938.04 126.804
6912.62 110.512
6863.27 132.708
6753.77 67.5544
6768.55 119.681
6745.48 104.747
6739.72 132.273
6704.3 118.697
6682.11 113.398
6662.87 123.034
6628.48 120.879
6605.38 109.233
6591.61 118.08
6568.8 113.402
6560.26 86.8788
6524.35 126.334
6504.18 123.895
6479.28 121.731
6459.35 121.42
6432.83 118.973
6418.41 116.844
6388.1 118.889
6388.1 118.889
6372.9 123.565
6322.86 129.036
6298.92 136.327
6277.87 118.321
6245.41 126.343
6231.4 112.408
6203.15 113.897
6179.71 129.127
6165.82 119.973
6134.35 122.807
6115.13 120.268
6115.13 120.268
6097.41 118.656
6058.19 115.491
6026.15 111.026
5998.88 106.734
5991.35 114.981
5959.85 109.072
5936.11 102.849
5910.43 102.885
5895.62 112.794
5871.14 119.349
5871.14 119.349
5851.83 111.643
5803.75 106.886
5781.69 105.928
5753.51 108.492
5733.47 106.179
5706.59 101.705
5683.95 99.9308
5661.45 100.732
5661.45 100.732
5640.99 104.713
5617.99 101.876
5575.06 95.683
5542.64 93.0769
5521.52 93.8034
5496.62 95.8644
5474.79 102.337
5458.28 101.984
5424.12 96.4767
5350.93 99.8267
5374.63 89.3535
5358.58 91.4859
5311.95 89.5397
5282.64 90.5284
5268.18 86.6719
5268.18 86.6719
5268.18 86.6719
5350.11 54.049
5323.97 76.7926
5323.97 76.7926
5323.97 76.7926
5301.24 60.6336
5271.69 56.859
5271.69 56.859
5254.45 55.8502
5168.4 44.7855
5168.4 44.7855
5168.4 44.7855
5132.79 42.6689
5108.35 56.5314
5108.35 56.5314
4992.53 68.3737
4992.53 68.3737
4937.29 75.2205
4937.29 75.2205
4937.29 75.2205
4912.8 76.8904
4842.89 76.0709
4842.89 76.0709
4842.89 76.0709
4928.69 50.5237
4860.77 47.4276
4860.77 47.4276
4842.71 62.9252
4842.71 62.9252
4761.46 78.0877
4761.46 78.0877
4722.77 57.1082
4722.77 57.1082
4674.75 65.3258
4674.75 65.3258
4630.1 78.8149
4578.77 71.413
4578.77 71.413
4555.23 63.2921
4482.46 81.8283
4474.06 77.0285
4396.39 76.5046
4372.33 71.5024
4372.33 71.5024
4353.42 78.3156
4300.79 71.3793
4280.53 88.3841
4254.69 85.1195
4237.71 72.4914
4210.85 79.4058
4210.85 79.4058
4165.1 72.0902
4148.27 71.2247
4115.92 69.264
4097.54 78.8727
4097.54 78.8727
4073.46 82.2107
4027.82 78.6055
4011.36 85.2257
3992.36 58.8785
3971.07 73.2064
3919.29 78.5565
3919.29 78.5565
3893.41 59.5751
3878.98 60.6247
3846.69 68.8076
3837.35 53.9567
3807.14 58.8358
3785.37 53.1204
3735.15 65.5118
3716.32 56.1836
3696.44 49.0769
3696.44 49.0769
3667.88 57.4304
3643.82 59.5696
3637.1 37.4193
3599.31 46.2856
3546.65 46.2061
3522.29 49.112
3500.87 43.8308
3479.18 33.8347
3445.4 43.8867
3425.5 43.9999
3425.5 43.9999
3405.1 42.3786
3381.95 42.6071
3329.67 37.5517
3305.33 37.2212
3285.76 43.1745
3258.91 36.2885
3238.14 35.4252
3211.63 37.9206
3187.32 28.8714
3157.98 28.0235
3133.33 29.9961
3113 27.5629
3066.99 26.6208
3066.99 26.6208
3037.38 27.994
3020.64 27.1938
2990.46 25.6921
2963.51 26.0539
2940.65 26.8225
2919.43 25.3739
2894.7 24.1875
2871.27 25.1017
2871.27 25.1017
2844.2 23.5065
2825.67 23.9409
2777.82 20.6998
2777.82 20.6998
2822.89 17.6855
2795.52 -13.5206
2795.52 -13.5206
2795.52 -13.5206
2778.26 -1.59704
2767.91 -13.513
2767.91 -13.513
2736.9 3.47949
2691.54 30.9496
2691.54 30.9496
2691.54 30.9496
2670.07 16.7642
2633.95 -35.4831
2633.95 -35.4831
2634.36 -1.93609
2593.85 4.45489
2593.85 4.45489
2593.85 4.45489
2571.95 -23.8153
2561.52 25.2767
2561.52 25.2767
2553.13 14.0631
2510.61 19.6163
2510.61 19.6163
2510.61 19.6163
2507.76 -15.9082
2485.52 -11.3972
2485.52 -11.3972
2485.52 -11.3972
2464.33 -11.3787
2428.77 -9.08403
2428.77 -9.08403
2424.35 -7.31705
2394.98 1.13749
2394.98 1.13749
2394.98 1.13749
2305.28 13.1867
2284.89 14.2929
2284.89 14.2929
2272.75 7.6788
2272.75 7.6788
2235.31 12.7382
2235.31 12.7382
2223.55 9.47739
2223.55 9.47739
2189.26 16.5078
2189.26 16.5078
2173.71 15.4005
2173.71 15.4005
2151.64 18.7679
2151.64 18.7679
2137.41 13.6399
2137.41 13.6399
2101.25 14.0801
2101.25 14.0801
2091.61 15.4102
2058.23 8.21062
2058.23 8.21062
2058.23 8.21062
2128.75 17.7493
2100.13 15.2125
2100.13 15.2125
2100.13 15.2125
2080.8 28.0429
2066.67 13.2231
2066.67 13.2231
2048.66 7.81766
2027.35 -0.399319
2027.35 -0.399319
2027.35 -0.399319
2006.94 15.4056
1989.33 -8.91266
1989.33 -8.91266
1971.28 -6.01774
1971.28 -6.01774
1960.01 -5.5518
1960.01 -5.5518
1943.48 -15.4411
1906.57 -20.5528
1906.57 -20.5528
1906.57 -20.5528
1895.35 -23.357
1878.96 -28.5897
1878.96 -28.5897
1866.94 -31.7186
1833.52 -33.748
1833.52 -33.748
1833.52 -33.748
1822.57 -32.4073
1793.66 -36.3057
1793.66 -36.3057
1773.6 -38.5879
1773.6 -38.5879
1754.74 -48.9617
1754.74 -48.9617
1752.61 -52.7132
1726.43 -56.4528
1726.43 -56.4528
1726.43 -56.4528
1708.99 -73.9222
1708.99 -73.9222
1674.34 -62.7379
1674.34 -62.7379
1659.68 -7.22577
1659.68 -7.22577
1642.64 -64.3169
1642.64 -64.3169
1620.54 -87.4282
1602.86 -94.6137
1602.86 -94.6137
1602.86 -94.6137
1602.86 -94.6137
1585.35 -91.9451
1560.93 -106.528
1540.29 -102.614
1525.2 -122.602
1514.71 -119.046
1478.38 -126.129
1473.46 -132.89
1473.46 -132.89
1473.46 -132.89
1473.46 -132.89
1473.46 -132.89
1456.38 -135.595
1449.67 -140.567
1449.67 -140.567
1449.67 -140.567
1444.21 -148.812
1435.52 -152.106
1435.52 -152.106
1435.52 -152.106
1435.52 -152.106
1422.21 -140.79
1379.06 -180.412
1379.06 -180.412
1379.06 -180.412
1379.06 -180.412
1379.06 -180.412
1373.88 -176.695
1337.08 -184.556
1337.08 -184.556
1337.08 -184.556
1337.08 -184.556
1337.08 -184.556
1337.5 -205.475
1307.32 -216.774
1307.32 -216.774
1307.32 -216.774
1307.32 -216.774
1289.2 -217.943
1243.49 -240.993
1243.49 -240.993
1243.49 -240.993
1234 -236.695
1201.51 -253.345
1201.51 -253.345
1201.51 -253.345
1201.51 -253.345
1187.94 -261.209
1159.15 -286.988
1159.15 -286.988
1159.15 -286.988
1142.6 -281.03
1120.87 -298.69
1120.87 -298.69
1120.87 -298.69
1109.03 -301.675
1067.31 -326.875
1067.31 -326.875
1067.31 -326.875
1061.38 -332.374
1037.99 -348.668
1037.99 -348.668
1029.26 -354.156
1009.4 -372.638
1009.4 -372.638
1009.4 -372.638
997.969 -375.033
973.282 -386.696
973.282 -386.696
973.282 -386.696
971.616 -400.441
955.234 -410.158
955.234 -410.158
955.234 -410.158
946.536 -412.553
926.685 -436.471
926.685 -436.471
926.685 -436.471
918.46 -443.393
894.36 -452.631
894.36 -452.631
894.36 -452.631
894.36 -452.631
887.39 -459.048
858.702 -488.999
858.702 -488.999
858.702 -488.999
858.702 -488.999
847.429 -483.942
831.86 -506.634
831.86 -506.634
831.86 -506.634
819.349 -513.498
791.039 -534.161
791.039 -534.161
791.039 -534.161
791.039 -534.161
782.137 -549.753
760.354 -569.842
760.354 -569.842
760.354 -569.842
760.354 -569.842
746.121 -579.338
731.688 -591.405
731.688 -591.405
731.688 -591.405
731.688 -591.405
731.688 -591.405
731.688 -591.405
731.688 -591.405
731.688 -591.405
731.688 -591.405
731.688 -591.405
731.688 -591.405
731.688 -591.405
731.688 -591.405
731.688 -591.405
731.688 -591.405
731.688 -591.405
731.688 -591.405
731.688 -591.405
731.688 -591.405
731.688 -591.405
731.688 -591.405
731.688 -591.405
731.688 -591.405
731.688 -591.405
731.688 -591.405
731.688 -591.405
731.688 -591.405
731.688 -591.405
582.852 -700.464
554.369 -738.661
554.369 -738.661
554.369 -738.661
517.194 -771.212
494.032 -810.591
494.032 -810.591
494.032 -810.591
494.032 -810.591
458.375 -846.618
445.802 -875.136
435.335 -884.266
426.65 -905.831
428.965 -923.691
406.024 -945.083
400.135 -954.945
398.664 -963.189
390.616 -970.591
381.852 -972.279
376.093 -985.126
387.579 -993.64
377.915 -1003.52
365.907 -1006.88
358.489 -1018.11
349.552 -1029.92
345.454 -1037.86
339.503 -1045.35
333.466 -1056.82
329.102 -1063.68
324.744 -1067.37
317 -1080.55
322.002 -1085.86
309.609 -1094.19
310.213 -1105.31
281.987 -1080.31
295.436 -1116.72
283.428 -1137.47
291.215 -1138.38
229.127 -1131.23
246.628 -1134.64
271.851 -1170.22
265.655 -1176.71
265.275 -1176.64
257.31 -1191.2
260.243 -1200.66
252.351 -1207.77
244.846 -1221.49
238.729 -1226.68
240.683 -1236.02
232.4 -1249.27
223.349 -1251.93
220.138 -1260.31
217.041 -1267.52
207.433 -1277.12
212.351 -1291.34
201.608 -1302.1
196.217 -1306.69
192.689 -1311.89
193.043 -1318.41
183.39 -1333.31
178.761 -1345.51
174.744 -1354.4
172.805 -1357.55
173.226 -1369.29
164.296 -1380.87
160.807 -1392.21
159.336 -1390.36
153.017 -1399.76
155.423 -1411.86
150.866 -1432.9
147.699 -1433.14
144.829 -1442.21
146.95 -1446.97
141.63 -1456.12
138.812 -1469.92
133.85 -1483.07
142.797 -1491.01
142.797 -1491.01
124.512 -1506
131.295 -1514.83
118.397 -1531.89
118.282 -1532.21
114.394 -1546.77
110.933 -1553.05
110.275 -1558.78
97.8498 -1575.85
95.1708 -1583.85
52.6495 -1616.2
88.0538 -1599.66
83.2828 -1616.36
83.2828 -1616.36
79.0343 -1634.83
77.7981 -1642.43
67.3117 -1644.92
56.5838 -1657.56
57.2012 -1664.1
56.2263 -1681.39
56.9145 -1690.28
50.9603 -1705.72
46.3201 -1709
46.1899 -1708.95
42.8728 -1724.06
42.4745 -1734.77
42.5512 -1745.47
41.2202 -1756.82
45.8105 -1763.96
36.0035 -1779.16
9.05553 -1766.56
30.7724 -1807.68
31.2754 -1810.55
27.2134 -1817.21
22.4103 -1834.04
23.1948 -1842.96
23.6159 -1849.04
19.9235 -1862.93
19.8428 -1864.84
16.8486 -1883.18
13.2906 -1895.5
11.27 -1910.02
10.3499 -1913.53
5.90628 -1928.14
6.29216 -1938.54
6.91522 -1951.77
5.95072 -1955.21
3.46964 -1971.91
4.32855 -1984.89
3.67473 -1995.37
-1.38137 -2007.55
-0.649981 -2013.62
-5.15655 -2029.67
-4.82791 -2041.46
-5.38113 -2053.48
-5.38113 -2053.48
-6.72739 -2057.88
-8.05975 -2066.11
-8.05975 -2066.11
-11.7244 -2075.66
-11.7244 -2075.66
-11.0976 -2086.47
-17.1058 -2098.85
-17.1058 -2098.85
-15.264 -2108.66
-18.2466 -2112.03
-19.4314 -2126.11
-18.0739 -2152.86
-21.9397 -2167.63
-20.384 -2180.28
-16.2258 -2200.94
-20.3642 -2208.93
-22.329 -2229.6
-22.6175 -2230.56
-23.9984 -2248.44
-20.9539 -2245.95
-23.6856 -2262.21
-24.5277 -2266.27
-24.598 -2280.34
-26.4389 -2291.46
-26.978 -2314.07
-27.0374 -2314.43
-25.021 -2318.6
-25.2889 -2328.54
-27.4869 -2337.72
-29.7135 -2353.98
-27.304 -2359.1
-27.304 -2359.1
-21.9174 -2363.28
-21.9174 -2363.28
-20.4125 -2377.92
-23.2786 -2387.3
-23.2786 -2387.3
-22.9819 -2398.77
-13.6871 -2514.54
-13.4738 -2516.18
-14.5119 -2513.71
-14.5119 -2513.71
-13.3673 -2522.14
-15.2306 -2517.11
-13.2093 -2516.33
-13.505 -2519.45
-13.505 -2519.45
-15.7382 -2519.09
-15.7382 -2519.09
-12.341 -2518.45
-14.3514 -2510.09
-13.1486 -2517.93
-14.4852 -2508.14
-14.4852 -2508.14
-14.0544 -2506.72
-17.4226 -2495.01
-15.8618 -2497.2
-16.6427 -2495.58
-16.6427 -2495.58
-15.3521 -2493.7
-14.8677 -2469.12
-14.3116 -2462.32
-14.4815 -2450.74
-14.4815 -2450.74
-15.5549 -2438.59
-14.8105 -2411.1
-14.5748 -2398.71
-16.4359 -2390.69
-18.533 -2366.25
-19.2927 -2356
-22.3551 -2338.72
-25.3251 -2330.1
-24.3459 -2322.81
-28.9157 -2295.69
-29.5199 -2283.83
-28.9189 -2267.82
-26.0823 -2264.12
-26.2736 -2242.19
-28.3496 -2234.56
-30.1929 -2223.83
-26.9809 -2198.59
-26.1536 -2182.7
-27.3525 -2174.36
-28.4515 -2155.07
-28.1425 -2141.46
-26.2297 -2138.05
-30.1219 -2121.99
-30.9622 -2113.45
-28.4972 -2094.56
-30.6061 -2084.11
-27.9481 -2078.54
-29.4378 -2060.25
-29.5774 -2048.01
-30.6495 -2040.89
-28.833 -2023.87
-27.0777 -2014.47
-25.1874 -2004.12
-27.2543 -1988.17
-28.1465 -1979.71
-30.0636 -1969.05
-31.7864 -1955.04
-36.1386 -1941.3
-34.8074 -1931.46
-31.1829 -1923.16
-27.2175 -1913.85
-28.6801 -1895.58
-31.9118 -1882.79
-29.3172 -1874.05
-29.2466 -1863.18
-26.757 -1848.18
-29.2421 -1839.91
-28.2607 -1829.1
-27.5476 -1816.15
-25.8234 -1800.72
-24.8267 -1795.15
-26.8358 -1778.41
-23.5592 -1768.3
-23.5592 -1768.3
-27.2967 -1752.76
-23.7174 -1744.92
-25.4081 -1730.49
-22.2753 -1717.27
-22.089 -1701.22
-23.6047 -1700.76
-23.6047 -1700.76
-23.1382 -1683.25
-23.1382 -1683.25
-20.499 -1669.49
-20.499 -1669.49
-20.1864 -1662.99
-25.6337 -1648.08
-15.5894 -1627.3
-18.0608 -1623.31
-32.6695 -1597.25
-30.0105 -1582.25
-26.1988 -1577.71
-16.3886 -1547.38
-21.0832 -1536.74
-28.7239 -1531.3
-28.7239 -1531.3
-24.9582 -1518.33
-20.8304 -1500.08
-31.8644 -1494.27
-27.3687 -1475.94
-24.8195 -1464.58
-25.5209 -1445.77
-25.3361 -1430.82
-25.3361 -1430.82
-20.8194 -1424.07
-23.3212 -1412.86
-28.8025 -1403.2
-29.4249 -1386.12
-15.9915 -1375.1
-17.4901 -1346.95
-6.05493 -1335.67
-15.3436 -1324.1
-17.8586 -1313.48
-14.7307 -1301.8
-13.499 -1288.26
-16.3533 -1277.11
-75.561 -1300.29
-28.7126 -1249.79
-81.6581 -1252.61
-81.6581 -1252.61
-14.6656 -1234.78
-11.4413 -1220.09
-13.6708 -1210.45
-20.8097 -1194.46
-20.0032 -1184.59
-16.9866 -1170.17
-27.231 -1148.87
-24.7854 -1138.25
-16.3101 -1126.14
-27.2052 -1109.42
-21.8288 -1098.29
-19.1475 -1094.1
-18.5861 -1073.46
-20.7531 -1062.61
-19.8612 -1053.96
-21.6195 -1048.62
-29.0283 -1025.74
-16.3666 -1017.55
-13.416 -1011.66
-30.4735 -994.868
-12.4613 -979.915
-22.8079 -973.576
-15.2733 -951.768
-21.1531 -945.347
-18.1207 -929.305
-18.9176 -922.939
-24.2517 -905.54
-19.9463 -897.309
-26.3641 -882.967
-23.5982 -877.285
-16.4923 -862.18
-4.54441 -851.284
-15.7578 -835.793
-16.0144 -826.511
-22.3266 -811.194
-13.865 -794.817
-9.66532 -786.684
-23.9279 -770.997
-23.9279 -770.997
-29.44 -763.198
-15.421 -750.498
-16.0374 -739.18
-12.7684 -724.221
-12.7684 -724.221
-12.7684 -724.221
-12.7684 -724.221
-12.7684 -724.221
-12.7684 -724.221
-12.7684 -724.221
-12.7684 -724.221
-12.7684 -724.221
-12.7684 -724.221
-12.7684 -724.221
-12.7684 -724.221
-12.7684 -724.221
-12.7684 -724.221
-12.7684 -724.221
-12.7684 -724.221
-12.7684 -724.221
-12.7684 -724.221
-12.7684 -724.221
-12.7684 -724.221
-12.7684 -724.221
-12.7684 -724.221
-12.7684 -724.221
-12.7684 -724.221
-12.7684 -724.221
-12.7684 -724.221
-12.7684 -724.221
-12.7684 -724.221
5.59368 -594.36
5.59368 -594.36
5.59368 -594.36
5.59368 -594.36
5.59368 -594.36
5.59368 -594.36
5.59368 -594.36
5.59368 -594.36
5.59368 -594.36
5.59368 -594.36
5.59368 -594.36
5.59368 -594.36
5.59368 -594.36
5.59368 -594.36
5.59368 -594.36
5.59368 -594.36
5.59368 -594.36
5.59368 -594.36
5.59368 -594.36
5.59368 -594.36
5.59368 -594.36
5.59368 -594.36
5.59368 -594.36
5.59368 -594.36
5.59368 -594.36
5.59368 -594.36
5.59368 -594.36
5.59368 -594.36
5.59368 -594.36
5.59368 -594.36
5.59368 -594.36
5.59368 -594.36
5.59368 -594.36
5.59368 -594.36
5.59368 -594.36
5.59368 -594.36
5.59368 -594.36
5.59368 -594.36
19.7429 -129.879
19.0009 -73.3097
19.0009 -73.3097
20.4517 -7.73108
15.745 55.725
14.1236 123.842
16.8057 155.877
12.9868 172.587
11.8093 197.326
13.5283 216.16
11.6292 225.414
11.9634 233.093
12.051 251.513
11.2779 275.743
12.6715 285.933
11.4716 295.43
9.84787 305.806
12.7724 325.542
8.64431 336.813
6.97161 345.911
4.6907 355.368
4.26922 364.576
5.24671 385.682
5.17381 395.481
2.95917 404.615
1.53462 415.3
-2.24681 436.921
-3.30521 447.283
-4.33236 455.279
-2.41102 463.313
-7.13697 485.437
-4.80324 493.228
-5.84832 503.338
-3.40715 523.234
-6.43466 537.605
-6.43466 537.605
-4.45974 549.015
-3.42063 560.089
1.55219 573.291
-0.874786 586.034
-0.0278814 597.383
-2.44316 606.994
-1.9323 621.278
0.207465 632.513
0.207465 632.513
-2.05888 644.013
-4.62806 655.329
-3.97087 668.808
-6.71659 680.329
-4.58864 703.079
-5.6647 716.167
-5.37567 727.234
-7.05099 741.256
-7.05099 741.256
-10.3869 752.878
-9.55554 765.158
-12.378 776.243
-10.2687 798.243
-9.84198 811.977
-12.4247 822.09
-12.1439 835.478
-12.2186 847.468
-11.8174 858.414
-12.3197 871.902
-13.8166 880.661
-17.838 893.769
-19.9876 905.035
-16.8205 915.676
-13.7283 925.324
-9.63562 932.019
-15.3621 949.408
-9.97557 972.987
-14.584 981.613
-14.4767 993.233
-13.3935 1000.86
-13.3935 1000.86
-18.7237 1013.39
-16.6902 1026.66
-15.3824 1036.26
-15.2927 1046.93
-14.2983 1057.32
-24.9065 1069.02
-21.7729 1077.75
-28.1754 1086.99
-23.2954 1100.54
-26.2681 1113.97
-23.2159 1124.34
-30.9555 1135.27
-29.1401 1159.26
-26.8353 1173.38
-29.7624 1181.36
-29.7624 1181.36
-26.4631 1193.32
-26.9677 1200.71
-27.8017 1221.16
-32.7447 1226.57
-34.6995 1241.58
-35.6928 1254.31
-39.9771 1265.41
-40.2372 1271.83
-31.6093 1286.18
-30.4944 1302.95
-26.7639 1309.9
-41.8738 1325.31
-33.6997 1337.33
-29.0032 1347.01
-35.2446 1365.21
-33.0342 1373.82
-30.9584 1387.97
-33.654 1396.8
-26.3953 1411.49
-24.8093 1432.05
-28.5419 1443.5
-25.6041 1463.34
-26.3954 1463.31
-30.8278 1478.74
-29.4948 1499.15
-26.7335 1504.6
-34.2729 1520.05
-29.7463 1529.86
-34.8478 1551.41
-33.1244 1553.55
-29.3397 1574.55
-26.199 1578.41
-25.9453 1597.36
-22.2065 1595.67
-41.0547 1620.85
-34.5132 1632.08
-32.7015 1636.42
-30.8294 1652.87
-23.6386 1662.85
-26.5362 1683.04
-35.8884 1681.47
-29.9923 1710.63
-31.1786 1716.84
-23.4908 1737.16
-27.3047 1743.64
-24.6971 1747.34
-27.7544 1759.81
-29.6366 1786.85
-25.0814 1792.69
-24.4792 1795.45
-19.2945 1813.45
-21.8111 1817.07
-12.9956 1842.27
-12.9956 1842.27
-12.9956 1842.27
-25.2627 1843.22
-18.0524 1869.19
-18.0524 1869.19
-18.0524 1869.19
-9.36762 1867.94
-24.6941 1885.18
-24.6941 1885.18
-24.6941 1885.18
-19.0347 1903.55
-18.4516 1923.69
-18.4516 1923.69
-18.4516 1923.69
-18.4516 1923.69
-22.3178 1949.03
-18.5847 1989.56
-18.5847 1989.56
-18.5847 1989.56
-5.51621 1996.6
-17.4271 2029.25
-17.4271 2029.25
-17.4271 2029.25
-16.4528 2040.87
-13.7632 2088.08
-13.7632 2088.08
-13.7632 2088.08
-16.7972 2099.41
-10.4656 2144.62
-10.4656 2144.62
-10.4656 2144.62
-10.4656 2144.62
-14.4886 2155.91
-5.59025 2196.43
-5.59025 2196.43
-5.59025 2196.43
-5.59025 2196.43
-3.17168 2200.92
3.9727 2257.85
-3.98412 2317.87
-3.98412 2317.87
-3.98412 2317.87
-3.98412 2317.87
-3.98412 2317.87
-3.98412 2317.87
-3.98412 2317.87
-3.98412 2317.87
-3.98412 2317.87
-3.98412 2317.87
-3.98412 2317.87
-3.98412 2317.87
-3.98412 2317.87
-3.98412 2317.87
-3.98412 2317.87
-3.98412 2317.87
-3.98412 2317.87
-3.98412 2317.87
-3.98412 2317.87
-3.98412 2317.87
-3.98412 2317.87
-3.98412 2317.87
-3.98412 2317.87
-3.98412 2317.87
-3.98412 2317.87
-3.98412 2317.87
-3.98412 2317.87
-3.98412 2317.87
-3.98412 2317.87
-3.98412 2317.87
-3.98412 2317.87
-3.98412 2317.87
-3.98412 2317.87
-3.98412 2317.87
-3.98412 2317.87
-3.98412 2317.87
-3.98412 2317.87
-3.98412 2317.87
-3.98412 2317.87
-3.98412 2317.87
-3.98412 2317.87
-3.98412 2317.87
-3.98412 2317.87
-3.98412 2317.87
-3.98412 2317.87
-3.98412 2317.87
-0.501064 2359.52
16.4226 2315.55
16.4226 2315.55
16.4226 2315.55
23.7523 2239.8
23.7523 2239.8
9.35307 2177.54
9.35307 2177.54
9.35307 2177.54
26.2864 2123.96
23.0592 2067.53
23.0592 2067.53
23.0592 2067.53
23.0592 2067.53
26.2326 2062.15
34.225 2024.69
34.225 2024.69
34.225 2024.69
19.3542 1989.33
28.6582 1952
28.6582 1952
28.6582 1952
25.4884 1948.05
32.7547 1904.02
32.7547 1904.02
27.8928 1892.5
44.6786 1851.71
39.0731 1843.4
40.6399 1807.46
43.3132 1795.27
52.2801 1772.76
51.0359 1763.74
48.1978 1744.81
60.134 1746.78
58.8124 1734.54
56.3323 1726.84
70.0413 1708.3
71.3306 1698.79
65.066 1687.2
66.9459 1678.84
75.2935 1668.63
65.0096 1664.24
78.7393 1659.4
85.6598 1643.47
83.1681 1640.31
73.5595 1637.7
85.922 1608.38
94.1979 1602.49
83.2319 1594.17
93.6316 1593.74
96.9394 1578.43
103.275 1569.03
95.4586 1560.25
103.275 1550.77
106.928 1543.9
102.189 1542.34
108.724 1523.25
109.563 1510.74
115.077 1512.98
118.923 1502.31
121.653 1492.02
131.912 1470.01
133.703 1463.61
129.072 1457.85
127.221 1453.65
131.391 1444.19
146.333 1426.39
142.788 1422.26
144.375 1417.45
147.417 1411.79
150.092 1398.25
165.191 1383.95
173.459 1366.46
162.125 1360.95
171.462 1353.91
170.296 1347.31
173.912 1337.2
186.937 1325.25
183.261 1328.09
191.895 1309.74
192.75 1305.47
199.424 1286.63
199.014 1280.95
202.979 1280.62
207.152 1268.78
211.559 1254.08
210.079 1254.84
219.585 1241.15
224.103 1224.68
224.103 1224.68
224.103 1224.68
224.103 1224.68
230.341 1212.36
231.101 1210.52
231.101 1210.52
231.101 1210.52
243.169 1195.42
243.169 1195.42
233.661 1212.03
233.661 1212.03
233.661 1212.03
258.305 1175.24
266.713 1151.13
266.713 1151.13
266.713 1151.13
270.791 1143.1
287.487 1112.3
287.487 1112.3
287.487 1112.3
283.869 1101.13
310.844 1076.04
310.844 1076.04
310.844 1076.04
310.909 1070.08
332.777 1036.5
332.777 1036.5
337.435 1035.42
341.35 1014
341.35 1014
341.35 1014
347.986 1008.43
359.141 984.203
359.141 984.203
373.167 967.866
378.801 955.339
378.801 955.339
378.801 955.339
385.959 941.025
396.266 934.91
396.266 934.91
402.776 923.526
415.282 897.761
415.282 897.761
420.801 890.415
429.8 875.493
429.8 875.493
429.8 875.493
441.646 866.279
455.955 849.528
455.955 849.528
469.502 835.607
476.664 826.138
476.664 826.138
480.641 810.396
502.358 791.078
502.358 791.078
504.645 791.296
517.461 768.43
517.461 768.43
524.494 761.912
539.631 751.997
539.631 751.997
542.935 748.899
556.343 725.22
556.343 725.22
556.343 725.22
565.155 716.879
589.489 703.025
589.489 703.025
588.739 695.476
608.323 676.067
608.323 676.067
612.523 675.014
634.003 645.76
634.003 645.76
633.613 650.843
649.959 653.08
649.959 653.08
650.979 636.092
673.829 626.958
673.829 626.958
679.622 620.224
697.24 610.219
697.24 610.219
702.093 605.496
721.754 583.085
721.754 583.085
724.529 575.448
742.603 561.457
742.603 561.457
750.994 547.677
767.954 541.864
767.954 541.864
767.954 541.864
790.833 519.265
790.833 519.265
790.833 519.265
804.25 506.255
817.311 498.751
817.311 498.751
838.886 507.134
845.463 475.692
845.463 475.692
854.811 475.763
859.759 460.842
859.759 460.842
872.318 453.251
900.284 435.513
900.284 435.513
908.013 428.792
932.435 419.989
932.435 419.989
932.435 419.989
935.141 405.915
938.379 387.563
938.379 387.563
920.549 383.515
932.899 367.205
932.899 367.205
932.899 367.205
946.948 366.292
969.465 349.881
969.465 349.881
978.821 337.095
978.821 337.095
995.654 319.773
995.654 319.773
1006.5 320.243
1031.1 303.205
1031.1 303.205
1031.1 303.205
1066.64 310.237
1088.11 300.068
1088.11 300.068
1105.42 292.111
1126.48 285.157
1126.48 285.157
1133.82 280.121
1145.33 259.991
1145.33 259.991
1166.41 262.397
1170.23 254.11
1170.23 254.11
1170.23 254.11
1186.39 244.831
1221.48 236.368
1221.48 236.368
1220.53 237.833
1245.32 213.651
1245.32 213.651
1264.32 213.572
1288.52 205.596
1288.52 205.596
1288.52 205.596
1264.97 190.973
1299.18 194.954
1299.18 194.954
1299.87 186.548
1312.04 184.794
1312.04 184.794
1319.34 172.833
1349.7 167.681
1349.7 167.681
1353.31 164.203
1371.83 151.142
1371.83 151.142
1380.62 162.748
1393.09 159.443
1393.09 159.443
1393.09 159.443
1393.09 159.443
1379.44 160.91
1395.53 160.213
1399.31 159.427
1399.31 159.427
1426.6 151.592
1443.2 147.941
1470.95 136.438
1477.94 128.538
1492.77 125.076
1502.88 133.973
1507.89 129.584
1527.22 118.121
1533.62 114.437
1546.29 107.148
1557.89 101.279
1569.6 105.216
1577.52 100.114
1578.7 103.497
1587.99 93.7216
1594.91 86.9698
1607.89 84.9639
1607.89 84.9639
1614.39 85.7728
1627.12 77.1537
1631.46 77.8609
1648.02 79.8506
1656.31 71.4958
1666.79 71.1364
1676.17 67.5939
1691.06 59.8308
1696.95 57.5955
1702.7 56.1961
1727.07 54.9446
1739.12 48.8507
1753.3 51.5485
1767.46 50.2759
1776.62 50.1763
1786.54 50.9614
1804.71 43.0128
1816.92 47.6629
1838.66 34.9384
1850.13 44.6031
1865.05 65.8038
1878.82 35.1151
1898.03 32.0178
1912.38 22.0113
1934.24 8.97929
1958.44 17.5684
1967.85 14.7922
1983.93 10.6175
2006.72 14.6753
2034.19 3.84512
2034.19 3.84512
2051.6 7.02284
2078.45 4.32482
2093.79 -2.15444
2108.83 4.41982
2130.75 7.93181
2143 38.8259
2170.22 -1.72421
2180.42 -2.07897
2199.19 0.0344684
2245.17 -4.13495
2259.97 0.0062168
2282.57 -2.46071
2297.74 -7.6482
2321.02 -7.17488
2334.5 -4.85792
2334.5 -4.85792
2352.68 -3.68253
2352.68 -3.68253
2352.68 -3.68253
2352.68 -3.68253
2352.68 -3.68253
2352.68 -3.68253
2352.68 -3.68253
2352.68 -3.68253
2391.28 -3.18057
2410.55 7.2523
2419.77 2.94691
2459.9 -3.85869
2605.31 15.7253
2629.03 17.1846
2653.35 19.3785
2673.19 24.5608
2693.42 23.687
2709.15 21.2027
2735.25 20.2663
2762.01 22.3738
2784.35 27.3201
2797.82 32.6477
2821.38 32.9343
2845.52 34.6277
2858.32 36.532
2905.21 38.4624
2934.94 39.5167
2961.11 43.0359
2985.98 47.7365
3002.73 50.4783
3018.97 49.8706
3049.89 49.2807
3066.61 45.0175
3093.82 44.9574
3093.82 44.9574
3093.82 44.9574
3129.15 47.3678
3141.04 50.9963
3141.04 50.9963
3141.04 50.9963
3160.01 53.5965
3189.52 53.2164
3189.52 53.2164
3189.52 53.2164
3248.65 62.5982
3252.23 58.1066
3252.23 58.1066
3273.36 59.7214
3273.36 59.7214
3347.54 61.7313
3347.54 61.7313
3384.06 61.9719
3384.06 61.9719
3445.32 56.5078
3445.32 56.5078
3456.11 65.2434
3456.11 65.2434
3529.16 58.7589
3529.16 58.7589
3559.71 21.6184
3559.71 21.6184
3621.24 60.6716
3621.24 60.6716
3644.5 61.7664
3712.06 76.8487
3712.06 76.8487
3712.06 76.8487
3722.94 53.1968
3791.06 56.1684
3791.06 56.1684
3820.38 44.0223
3867.88 51.2321
3867.88 51.2321
3867.88 51.2321
3902.19 63.45
3902.19 63.45
3902.19 63.45
3902.19 63.45
3902.19 63.45
3985.8 52.5824
3999.42 71.0939
4043.25 85.1348
4069.8 70.3697
4134.13 75.3862
4237.84 91.6373
4259.76 63.5705
4259.76 63.5705
4282.94 84.4553
4305.29 70.0967
4325.58 103.868
4354.83 74.3118
4365.67 82.236
4396.01 74.5298
4433.51 95.6404
4454.17 88.5271
4484.49 80.4829
4484.49 80.4829
4500.64 80.4367
4534.51 78.0681
4546.32 87.0531
4567.66 90.3383
4596.97 75.8814
4638.65 85.0194
4657.9 90.8703
4679.06 87.3349
4679.06 87.3349
4709.93 93.664
4729.31 86.2855
4756.57 80.4452
4784.93 84.1293
4740.38 125.623
4844.63 86.7938
4858.44 89.6369
4878.54 100.496
4878.54 100.496
4878.54 100.496
4878.54 100.496
4878.54 100.496
4878.54 100.496
4878.54 100.496
4878.54 100.496
4878.54 100.496
4878.54 100.496
4878.54 100.496
4878.54 100.496
4878.54 100.496
4950.39 95.09
4976.35 100.333
4990.08 104.079
5163.7 98.3464
5253.24 111.845
5292.5 111.301
5304.78 114.257
5319.45 114.546
5340.54 111.007
5371.66 107.204
5398.96 107.593
5421 113.145
5441.68 110.577
5465.19 111.483
5477.84 108.263
5511.66 104.689
5534.56 100.259
5550.9 97.7306
5550.9 97.7306
5550.9 97.7306
5589.79 107.823
5605.49 117.802
5605.49 117.802
5605.49 117.802
5618.5 118.966
5635.58 112.601
5635.58 112.601
5635.58 112.601
5663.9 113.002
5734.41 122.346
5734.41 122.346
5734.41 122.346
5757.04 125.079
5819.46 125.252
5819.46 125.252
5819.46 125.252
5867.13 125.537
5925.19 123.616
5925.19 123.616
5925.19 123.616
5987.29 147.608
6031.29 129.025
6031.29 129.025
6031.29 129.025
6052.07 128.242
6090.1 117.345
6090.1 117.345
6090.1 117.345
6117.32 142.028
6181.88 122.055
6181.88 122.055
6181.88 122.055
6229.56 119.124
6265.07 98.9117
6265.07 98.9117
6265.07 98.9117
6326.25 143.243
6333.21 101.536
6333.21 101.536
6384.47 129.927
6384.47 129.927
6384.47 129.927
6384.47 129.927
6454.61 116.625
6491.22 137.405
6539.79 132.533
6562.66 136.491
6637.3 132.283
6637.3 132.283
6637.3 132.283
6637.3 132.283
6637.3 132.283
6637.3 132.283
6637.3 132.283
6637.3 132.283
6742.83 131.077
6764.32 131.565
6764.32 131.565
6778.77 145.194
6804.28 144.364
6804.28 144.364
6804.28 144.364
6804.28 144.364
6804.28 144.364
6804.28 144.364
6967.62 137.286
6993.99 135.536
6993.99 135.536
7013.05 140.791
7043.87 139.76
7175.57 144.507
7193.85 144.634
7218.43 144.569
7235.19 133.294
7287.97 144.944
7287.97 144.944
7318.33 147.439
7320.51 153.464
7355.77 149.034
7385.67 150.053
7402.33 154.181
7409.78 155.764
7468.23 150.434
7468.23 150.434
7490.32 145.566
7510.27 146.937
7524.85 151.59
7554.06 151.972
7581.26 157.206
7600 146.267
7600 146.267
7636.91 142.059
7662.85 146.021
7690.72 152.219
7711.98 157.227
7714.23 155.564
7700.07 150.758
7785.41 152.948
7804.51 153.292
7816.01 155.011
7762.56 155.059
7777.94 156.266
7777.94 156.266
7871.03 162.05
7840.83 162.491
7905.2 159.986
7963.96 154.459
7978.34 157.889
7985.65 168.551
8024.1 173.622
8041.74 169.943
7916.3 164.48
8097.82 166.006
8132.91 168.699
8132.91 168.699
8132.91 168.699
8135.11 170.785
8161.79 170.427
8161.79 170.427
8161.79 170.427
8171.22 171.987
8194.61 173.427
8194.61 173.427
8231.73 177.578
8231.73 177.578
8271.43 176.344
8271.43 176.344
8306.19 178.324
8358.37 175.438
8358.37 175.438
8358.37 175.438
8401.28 178.207
8465.69 173.486
8465.69 173.486
8485.1 173.159
8543.93 176.838
8543.93 176.838
8543.93 176.838
8582.81 182.913
8601.81 181.866
8601.81 181.866
8601.81 181.866
8690.41 149.515
8763.26 159.021
8763.26 159.021
8763.26 159.021
8799.67 164.262
8854.26 166.135
8854.26 166.135
8866.89 172.696
8866.89 172.696
8920.65 160.234
8920.65 160.234
8864.1 180.066
8965.65 178.638
8965.65 178.638
8858.24 169.296
8913.64 189.909
8913.64 189.909
8913.64 189.909
9013.35 198.642
9104.76 183.031
9104.76 183.031
9115.31 178.569
9174.95 177.945
9174.95 177.945
9097.48 172.298
9265.36 173.008
9265.36 173.008
9265.36 173.008
9261.87 176.82
9339.67 187.231
9339.67 187.231
9339.67 187.231
9339.67 187.231
9339.67 187.231
9416.94 163.382
9450 160.707
9467.18 167.581
9518.55 174.454
9547.6 173.961
9547.6 173.961
9646.03 167.302
9679.03 165.55
9699.64 159.687
9716.58 164.423
9728.96 175.178
9749.86 176.925
9798.33 168.166
9811.35 166.61
9832.17 178.646
9832.17 178.646
9872.71 178.694
9885.95 174.755
9913.78 172.708
9925.56 177.274
9964.57 172.961
9958.87 173.356
9990.72 178.137
10016.5 177.259
10040.8 178.598
10073.7 184.687
10073.7 184.687
10081 185.638
10112.5 184.645
10146.6 182.489
10146.6 182.489
10146.6 182.489
10146.6 182.489
10146.6 182.489
10146.6 182.489
10146.6 182.489
10146.6 182.489
10146.6 182.489
10146.6 182.489
10146.6 182.489
10146.6 182.489
10146.6 182.489
10146.6 182.489
10146.6 182.489
10146.6 182.489
10146.6 182.489
10207.2 187.161
10227.7 187.487
10227.7 187.487
10382.4 176.464
10419 185.921
10594.7 187.908
10574.5 188.692
10639.2 187.276
10658.9 190.151
10685.7 187.698
10716.6 186.05
10764.7 186.372
10740.3 190.042
10740.3 190.042
10763.9 192.756
10824.9 188.281
10824.9 188.281
10824.9 188.281
10720.1 194.498
10849.2 191.756
10849.2 191.756
10876.9 192.119
10876.9 192.119
10898.6 187.238
10898.6 187.238
10969.2 188.187
10969.2 188.187
10989 185.462
10989 185.462
11079.4 185.81
11132.3 181.678
11132.3 181.678
11132.3 181.678
11165.8 199.141
11219.9 200.928
11219.9 200.928
11249.2 201.597
11249.2 201.597
11317 219.076
11342.8 228.428
11387.6 218.902
11411.6 217.726
11411.6 217.726
11461.6 227.521
11478.3 225.025
11491.3 210.956
11491.3 210.956
11512.3 220.341
11542.3 231.945
11550.4 222.423
11550.4 222.423
11568.4 215.078
11598.9 228.58
11602.8 220.788
11602.8 220.788
11626.2 227.449
11643.8 227.938
11643.8 227.938
11646 227.5
11671.4 222.074
11671.4 222.074
11692.9 223.147
11648.9 236.806
11648.9 236.806
11723.8 233.67
11731.6 225.941
11747.2 230.689
11769.7 233.341
11773.7 228.379
11801.6 212.504
11819.4 222.644
11827 231.374
11830.1 232.661
11846.7 221.658
11849.4 222.42
11879 224.443
11886.3 228.829
11890.8 226.573
11907.6 224.973
11908.9 226.408
11908.9 226.408
11937.6 228.834
11953.9 229.168
11959.5 226.363
11977.4 229.979
11979.4 236.172
11991.9 234.269
11999.3 231.949
12013.6 239.584
12013.6 239.584
12020.8 240.958
12051.4 240.96
12060.3 238.005
12058 244.135
12078 250.627
12095 247.608
12099.1 251.014
12091.5 254.152
12115.2 256.901
12140.3 258.093
12140.3 258.093
12141.2 256.395
12151 263.959
12168.9 266.04
12164.4 266.829
12185 266.583
12198.5 264.299
12208.6 267.254
12217.9 278.208
12233.2 275.04
12242.3 276.843
12238.1 277.263
12260.5 275.611
12274.1 280.007
12274.1 280.007
12275 282.39
12289.9 283.582
12296.2 288.724
12306.6 291.405
12304.5 288.506
12329.5 290.214
12342.8 289.939
12360.7 295.172
12365.3 299.173
12356.4 299.927
12379.1 304.474
12389.2 309.397
12389.2 309.397
12402.2 309.427
12405.7 312.687
12414.2 316.028
12435 319.566
12431.2 317.137
12452.7 319.792
12448.7 317.053
12473.1 323.425
12485.4 330.366
12495.1 335.075
12428.2 330.113
12508.6 337.516
12508.6 337.516
12517 341.726
12535.4 346.789
12540.5 346.574
12547.3 345.853
12553.9 346.903
12569.9 356.82
12583.8 360.08
12592.3 361.148
12598.2 363.426
12598.2 363.426
12598.2 365.789
12622.3 369.439
12633.7 374.443
12654.4 377.881
12650.7 384.489
12660.5 386.087
12660.8 385.528
12669.4 387.988
12681.5 391.926
12682.1 397.95
12685 399.555
12697.9 404.426
12697.7 406.681
12714.2 411.634
12718.4 416.817
12722 420.496
12728.5 424.169
12750.8 432.56
12744.8 436.052
12759.5 440.6
12770.4 446.469
12772.1 449.093
12778.4 452.925
12781.8 458.368
12800.1 461.619
12800.1 461.619
12800.1 461.619
12804.5 466.722
12811.5 468.309
12811.5 468.309
12811.5 468.309
12836.7 484.429
12853.6 489.373
12853.6 489.373
12853.6 489.373
12837.5 488.642
12875.6 503.728
12875.6 503.728
12875.6 503.728
12866.8 508.374
12892.7 523.317
12892.7 523.317
12892.7 523.317
12920.5 536.397
12916.2 549
12916.2 549
12916.2 549
12934.2 557.588
12946.3 571.963
12946.3 571.963
12946.3 571.963
12957 575.755
12979.8 588.238
12979.8 588.238
12979.8 588.238
12989.9 597.601
13012.5 613.069
13012.5 613.069
13012.5 613.069
13035.1 628.997
13067.5 649.015
13067.5 649.015
13067.5 649.015
13065.7 651.463
13084.5 668.503
13084.5 668.503
13103.9 681.287
13093.2 684.76
13093.2 684.76
13093.2 684.76
13093.2 684.76
13122.3 707.018
13141.9 717.239
13141.9 717.239
13162.6 733.564
13162.6 733.564
13161 737.853
13161 737.853
13164.7 750.949
13205.8 770.922
13205.8 770.922
13205.8 770.922
13205.8 770.922
13205.3 774.17
13220 792.516
13220 792.516
13248 809.51
13258.2 830.025
13258.2 830.025
13258.2 830.025
13283.5 837.457
13305.7 858.898
13305.7 858.898
13305.7 858.898
13301.9 864.916
13328.6 880.524
13328.6 880.524
13328.6 880.524
13327 890.711
13370.1 915.567
13370.1 915.567
13370.1 915.567
13351.5 912.849
13394.7 943.611
13394.7 943.611
13394.7 943.611
13376.5 941.578
13422.1 972.785
13422.1 972.785
13422.1 972.785
13403.7 978.205
13403.7 978.205
13426 1000.1
13426 1000.1
13426 1000.1
13445.9 1010.25
13461.8 1034.58
13461.8 1034.58
13461.8 1034.58
13457 1044.18
13468.3 1060.15
13468.3 1060.15
13478.1 1065.8
13497.2 1093.21
13497.2 1093.21
13497.2 1093.21
13551.9 1127.51
13551.9 1127.51
13559 1144
13559 1144
13559 1144
13547.3 1144.66
13531.1 1151.11
13531.1 1151.11
13551.5 1173.64
13551.5 1173.64
13551.5 1173.64
13551.5 1173.64
13540.1 1174.11
13536.4 1180.84
13562.1 1203.91
13563.8 1214.97
13573.5 1240.28
13595.8 1271.29
13601.8 1278.34
13598.7 1288.14
13606.5 1294.41
13609 1300.3
13622.7 1309.81
13625.7 1318.47
13631.1 1325.58
13633.5 1333.3
13638.3 1340.36
13638.3 1340.36
13645.2 1350.73
13653.3 1361.94
13655.3 1367.02
13665.6 1376.38
13670.2 1383.31
13675.9 1392.62
13679.6 1401.32
13686.2 1411.41
13700.1 1429.23
13700.9 1436.79
13703.8 1446.16
13706.1 1453.08
13715.9 1464.02
13715.9 1464.02
13721.6 1470.92
13724.5 1479.92
13724.9 1485.59
13734.8 1496.86
13733.3 1504.04
13747.7 1522.43
13744.7 1531.14
13749.3 1539.65
13755 1548.01
13755.5 1555.72
13763 1568.3
13763 1568.3
13761 1574.57
13770 1586.21
13773.8 1594
13776.2 1611.72
13784.2 1625.14
13779.9 1633.96
13784 1634.35
13790 1649.21
13796.4 1657.81
13795.4 1662.41
13795.4 1662.41
13800.9 1672.78
13807.9 1690
13804.9 1699.62
13813.8 1706.23
13814.3 1719.33
13749.3 1667.5
13822.7 1734.1
13825.5 1747.14
13827.2 1757.91
13829.8 1770.33
13832.7 1772.76
13834.4 1785.32
13837.5 1794.21
13839.5 1805.89
13844.5 1821.37
13849.1 1834.73
13849.2 1843.44
13850.7 1857.81
13853.1 1864.5
13851.7 1870.21
13854.8 1883.19
13851.5 1893.42
13855.5 1902
13855.5 1902
13853 1909.61
13856.1 1919.59
13862.7 1927.51
13863 1938.81
13868.5 1947.75
13875.7 1958.34
13874.3 1969.52
13877.5 1979.29
13879.5 1989.19
13879 1995.65
13886.2 2006.18
13886.6 2014.36
13891.6 2030.68
13894.7 2045.48
13895.1 2059.26
13895.9 2069.64
13897 2073.64
13900.1 2087.55
13902.4 2101.1
13905.4 2113.75
13905.5 2132.13
13904 2143.4
13903.3 2156.09
13905 2177.05
13905 2190.07
13908 2206.77
13913.1 2246.81
13913.2 2265.94
13914.6 2281.12
13913.2 2297.76
13914.3 2318.9
13912.3 2338.43
13914.7 2356.32
13915.5 2375.48
13922.5 2421.42
13923.4 2447.77
13922.4 2467.41
13923.2 2485.36
13923.2 2512.76
13926.1 2530.4
13925.6 2549.19
13924.4 2576.66
13923.3 2594.39
13923.6 2627.1
13921 2646.78
13917.3 2664.32
13917.3 2664.32
13917.3 2664.32
13917.9 2689.44
13917.9 2689.44
13918.4 2706.8
13918.4 2706.8
13918.4 2706.8
13911.5 2729.43
13911.5 2729.43
13914 2757.67
13914 2757.67
13914 2757.67
13914 2757.67
13913.6 2769.45
13916.4 2788.14
13916.4 2788.14
13917.7 2857.24
13915.3 2914.39
13915.3 2914.39
13912.5 2964.5
13936.2 3043.15
13936.2 3043.15
13933.2 3056.22
13929.4 3104.86
13929.4 3104.86
13930.4 3126.15
13936.1 3167.99
13936.1 3167.99
13931.5 3193.2
13936 3239.52
13936 3239.52
13926.8 3260.94
13948.6 3288.65
13927.4 3325
13931.9 3364.7
13933.6 3400.04
13932.5 3431.81
13932.5 3431.81
13934.1 3457.11
13932.2 3468.72
13931.1 3501.85
13924.5 3529.57
13934.6 3542.77
13937.6 3596.74
13934.9 3613.55
13932.7 3630.51
13938.4 3650.75
13939.8 3669.87
13950 3713.04
13942.3 3739.14
13946.2 3760.17
13944.8 3782.57
13945.4 3809.21
13942.5 3840.88
13942.1 3852.35
13940.6 3879.69
13942.7 3896.85
13940.2 3927.23
13945 3946.23
13942.2 3975.04
13943.3 3997.83
13943.1 4008.75
13948.4 4027.64
13953.1 4053.4
13972.6 4044.46
13949.5 4115.5
13948.8 4143.42
13955 4160.88
13951.1 4199.79
13950.6 4225.34
13947.4 4235.6
13961.4 4219.58
13949.7 4289.55
13954.7 4303.01
13956 4326.95
13952 4361.37
13968.5 4307.38
13952.6 4386.1
13956.5 4423.24
13957.1 4441.69
13958.3 4462.02
13956 4486.37
13954.9 4522.86
13957.3 4528.2
13961.4 4545.64
13962.2 4563.46
13959.9 4614.67
13957.2 4645.53
13963.4 4647.82
13965.7 4674.04
13965.7 4697.89
13962.5 4739.39
13964.7 4737.69
13962.5 4771.37
13963.8 4802.5
13974.5 4799.25
13974.6 4824.86
13973.6 4848.61
13973.7 4872.01
13974.7 4905.51
13981.2 4912.44
13982.3 4949.05
13985.9 4915.14
13982.1 5008.18
13988.7 4948.55
13988.7 4948.55
13986 5035.22
13986 5035.22
13988.6 5074.26
13988.6 5074.26
13990.7 5082.9
13990 5085.38
13990 5085.38
13990 5085.38
13988.4 5105.83
13988.4 5105.83
13991.2 5120.7
13991.2 5120.7
13991.2 5120.7
13991.2 5120.7
13994.5 5131.6
13994.5 5131.6
13993.3 5149.23
13993.3 5149.23
13993.3 5149.23
13993.3 5149.23
13991.5 5181.49
13998 5212.24
13998 5212.24
13998 5212.24
13997.7 5240.79
13998.7 5276.18
13998.7 5276.18
13998.7 5276.18
14000.9 5301.65
14001.3 5338.45
14001.3 5338.45
14003.3 5335.45
14004.9 5371.13
14004.9 5371.13
14004.9 5371.13
14008.3 5375
14005.4 5398.1
14005.4 5398.1
14005.4 5398.1
14000.6 5428.41
14005.4 5446.03
14005.4 5446.03
14005.4 5446.03
14005.3 5462.96
14006.4 5492.83
14006.4 5492.83
14006.4 5492.83
14008 5490.89
14008.2 5525.54
14008.2 5525.54
14009.2 5532.68
14007.9 5572.38
14007.9 5572.38
14007.9 5572.38
14010.5 5587.65
14015 5581.51
14015 5581.51
14009.4 5618.64
14013.4 5623.5
14013.4 5623.5
14014.9 5647.32
14018.2 5673.51
14018.2 5673.51
14018.2 5673.51
14017.9 5673.49
14023.4 5706.58
14023.4 5706.58
14022.6 5749.3
14015.9 5757.17
14015.9 5757.17
14020 5768.85
14025.6 5768.52
14025.6 5768.52
14025.6 5768.52
14023.3 5807.81
14027.8 5854.22
14027.8 5854.22
14025.6 5854.93
14021.6 5891.84
14021.6 5891.84
14021.6 5891.84
14018.2 5859.34
14021.2 5903.69
14021.2 5903.69
14015.4 5909.23
14018.5 5938.94
14018.5 5938.94
14018.5 5938.94
14013.5 5966.91
14012.3 5977.53
14012.3 5977.53
14012.3 5977.53
14008.8 5976.68
14017.1 6018.17
14017.1 6018.17
14010.1 6038.95
14007.2 6079.91
14007.2 6079.91
14007.2 6079.91
14007.2 6079.91
14010.5 6068.31
14000.6 6133.22
14000.6 6133.22
14000.6 6133.22
14003.8 6108.74
14000.8 6149.66
14000.8 6149.66
14000.8 6149.66
14000 6146.1
13993.7 6196.51
13993.7 6196.51
13993.7 6196.51
13988.1 6200.83
13989.6 6231.92
13989.6 6231.92
13989.6 6231.92
13981.7 6217.96
13977.6 6316.89
13977.6 6316.89
13977.6 6316.89
14021.4 6266.73
14008.6 6290.6
14008.6 6290.6
14008.6 6290.6
14020.7 6310.71
14008.6 6335.82
14008.6 6335.82
14008.6 6335.82
14000.6 6346.91
13989.6 6371.04
13989.6 6371.04
13989.6 6371.04
13989.6 6371.04
13984.4 6381.49
13973.7 6398.77
13973.7 6398.77
13973.7 6398.77
13970.8 6410.9
13969.2 6444.5
13969.2 6444.5
13969.2 6444.5
13969.2 6444.5
13919.2 6452.39
13919.2 6452.39
13911.2 6470.57
13906.9 6476.45
13906.9 6476.45
13894.1 6520.93
13890.1 6516.86
13890.1 6516.86
13880.5 6544.34
13878.6 6550.54
13870.8 6584.59
13870.8 6584.59
13862.1 6587.86
13854.5 6599.54
13854.5 6599.54
13851.2 6609.94
13843.9 6618.1
13843.9 6618.1
13840 6630.65
13835.8 6642.97
13835.8 6642.97
13827.2 6674.72
13818.2 6695.96
13818.2 6695.96
13811.9 6709.78
13808.2 6713.79
13808.2 6713.79
13803.6 6723.18
13799.8 6742.06
13799.8 6742.06
13789.8 6769.33
13782.3 6775.89
13782.3 6775.89
13771.6 6789.83
13761.6 6809.91
13761.6 6809.91
13756 6815.29
13756 6815.29
13769.1 6833.32
13767.9 6848.51
13759.8 6858.7
13747.3 6875.3
13746.9 6885.19
13726.3 6910.54
13724.6 6918.73
13716.6 6928.24
13712.7 6928.17
13703.7 6944.13
13700.6 6948.06
13697.6 6954
13695.4 6960.95
13693.2 6964.68
13684.5 6973.51
13678.9 6984.97
13662.1 7000.53
13666.4 6989.61
13666.4 6989.61
13666.4 6989.61
13655.8 7006.97
13652.1 7011.83
13652.1 7011.83
13652.1 7011.83
13645.9 7018.57
13644.5 7024.83
13644.5 7024.83
13639.9 7026.79
13620 7066.4
13620 7066.4
13620 7066.4
13605.8 7077.64
13603.2 7087.14
13603.2 7087.14
13595.2 7091.4
13584.1 7107.61
13584.1 7107.61
13584.1 7107.61
13561 7131.38
13570.1 7125.54
13570.1 7125.54
13553.5 7149.15
13543.3 7155.78
13543.3 7155.78
13530 7176.93
13516.4 7193.38
13516.4 7193.38
13516.4 7193.38
13509.8 7202.54
13499.9 7205.83
13499.9 7205.83
13499.9 7205.83
13486.1 7228.09
13486.1 7228.09
13483.4 7230.91
13483.4 7230.91
13483.4 7230.91
13472.4 7245.23
13464.9 7255.97
13464.9 7255.97
13464.9 7255.97
13464.9 7255.97
13449.6 7269.87
13425.6 7293.02
13425.6 7293.02
13425.6 7293.02
13425.6 7293.02
13425.6 7293.02
13419.7 7299.37
13398.2 7312.37
13398.2 7312.37
13398.2 7312.37
13398.2 7312.37
13389.3 7317.31
13367.3 7336.96
13367.3 7336.96
13367.3 7336.96
13367.3 7336.96
13370.3 7331.6
13370.3 7331.6
13324.8 7371.8
13324.8 7371.8
13324.8 7371.8
13290.8 7360.01
13252.7 7410.2
13252.7 7410.2
13252.7 7410.2
13243.3 7399.49
13213.9 7412.21
13213.9 7412.21
13213.9 7412.21
13213.9 7412.21
13229.9 7440.32
13201 7470.9
13201 7470.9
13201 7470.9
13203.2 7460.93
13203.2 7460.93
13183.3 7469.42
13183.3 7469.42
13175.1 7478.61
13148.5 7493.84
13148.5 7493.84
13148.5 7493.84
13118.7 7527.63
13104.7 7520.4
13104.7 7520.4
13203.6 7449.38
13179.9 7466.83
13179.9 7466.83
13168.6 7470.15
13142.4 7486.5
13142.4 7486.5
13113.9 7496.48
13113.9 7496.48
13104.4 7509.06
13096.1 7507.63
13096.1 7507.63
13085 7517.92
13069.3 7534.17
13069.3 7534.17
12962.2 7603.44
12945.3 7614.22
12945.3 7614.22
12934.5 7618.21
12918.4 7626.21
12918.4 7626.21
12911.7 7628.39
12911.7 7628.39
12880.8 7660.13
12880.8 7660.13
12886.7 7644.31
12862.1 7660.69
12862.1 7660.69
12853.2 7666.84
12827.3 7688.69
12827.3 7688.69
12824.9 7682
12806.8 7694.73
12806.8 7694.73
12809.5 7688.34
12784.1 7708.78
12784.1 7708.78
12771.7 7716.28
12761 7715.87
12761 7715.87
12749.8 7721.68
12730.8 7735.58
12721 7730.89
12721 7730.89
12714.3 7732.26
12690.7 7753.79
12690.7 7753.79
12683.9 7754.15
12678.3 7742.1
12746.8 7691.07
12746.8 7691.07
12738.7 7707.03
12721.5 7701.4
12721.5 7701.4
12711 7710.89
12695.9 7720.17
12695.9 7720.17
12685.1 7715.15
12666.8 7723.42
12666.8 7723.42
12658.7 7729.89
12642.9 7738.77
12642.9 7738.77
12630.2 7742.95
12610.5 7743.95
12610.5 7743.95
12601.4 7753.14
12582.3 7759.7
12582.3 7759.7
12569.4 7767.7
12551.9 7776.57
12551.9 7776.57
12541.5 7785.01
12520.1 7785.99
12505.7 7792.2
12505.7 7792.2
12485.7 7806.75
12473.7 7805.11
12473.7 7805.11
12448.2 7812.52
12438.7 7814.89
12438.7 7814.89
12428.4 7823.01
12405.9 7822.74
12399.9 7830.29
12399.9 7830.29
12374.6 7839.41
12369 7839.32
12369 7839.32
12345.9 7846.2
12334.8 7853.65
12334.8 7853.65
12319.6 7845.49
12293.6 7860.05
12293.6 7860.05
12276 7868.11
12245.7 7882.64
12245.7 7882.64
12229.1 7869.17
12191.8 7878.77
12191.8 7878.77
12176.4 7876.72
12141 7884.85
12141 7884.85
12128.6 7880.94
12089 7873.82
12072.1 7875.88
12041.5 7880.18
12024.4 7883.87
11989 7908.06
11975.2 7909.81
11962 7900.67
11943.4 7905.49
11922.5 7897.33
11905.2 7906.81
11476.7 7901.63
11459.7 7899.28
11425.2 7897.6
11415.2 7897.17
11375.1 7896.92
11369.4 7891.74
11339.1 7894.57
11327.5 7894.92
11297 7896.45
11268 7895.64
11249.5 7892.92
11230.9 7892.72
11233.3 7897.34
11207.3 7898.14
11207.3 7898.14
11138.1 7890.09
11109.5 7885.73
11126.7 7886.74
11073.6 7887.88
11056.1 7891.79
11027.9 7886.92
11013.2 7886.22
10988.8 7885.63
10965.2 7884.66
10948.9 7886.37
10918.4 7889.35
10888.7 7887.45
10873.6 7885.09
10859.2 7887.09
10797.6 7888.53
10782 7886.9
10826.7 7887.28
10791.8 7885.18
10700.4 7882.96
10639.6 7884.45
10674.1 7885.47
10634.8 7885.75
10600.5 7884.85
10596 7881.94
10571.4 7880.86
10543.5 7882.24
10647.3 7892.19
10690.4 7880.17
10548.9 7879.2
10464.2 7879.19
10452.7 7881.23
10521.7 7882.96
10394.8 7878.97
10370.1 7879.67
10350.9 7881.3
10347 7879.79
10347 7879.79
10308.2 7876
10292.8 7878.57
10258.7 7880.76
10332.1 7879.75
10332.1 7879.75
10216.7 7877.27
10218.9 7874.97
10218.9 7874.97
10173.4 7882.93
10142.4 7888.51
10142.4 7888.51
10144.5 7884.18
10065.7 7881.95
10000.2 7899.79
10000.2 7899.79
9954.6 7895.62
9913.13 7892.26
9913.13 7892.26
9910.34 7904.11
9938.96 7891.38
9911.57 7897.27
9911.57 7897.27
9883.1 7894.18
9908.83 7882.11
9966.15 7899.53
9832.1 7899.67
9832.1 7899.67
9701.89 7893.69
9649.18 7896.86
9649.18 7896.86
9616.92 7897.47
9604.45 7897.34
9576.85 7899.69
9555.47 7898.18
9533.99 7894.93
9533.99 7894.93
9504.12 7895.01
9452.32 7889.68
9444.76 7893.02
9404.11 7897.17
9404.11 7897.17
9399.21 7898.01
9341.1 7893.43
9338.34 7904.14
9316.96 7900.06
9380.82 7889.78
9255.5 7901.63
9221.97 7900.74
9197.58 7894.85
9161.71 7897.93
9161.71 7897.93
9164 7896.28
9144.68 7899
9249.38 7890.23
9083.57 7902.82
9060.17 7901.71
9052.37 7898.14
9003.22 7902.91
8970.1 7902.13
8970.1 7902.13
8955.62 7901.18
8934.38 7902.55
8937.43 7900.03
9063.5 7906.69
8860.2 7898.94
8942.05 7897.9
8911.16 7891.78
8884.52 7895.02
8753.76 7898.8
8721.27 7899.34
8701.32 7897.61
8787.47 7893.43
8654.82 7895.35
8689.11 7898.55
8631.09 7901.64
8631.09 7901.64
8615.49 7900.1
8572.42 7897.55
8536.9 7899.39
8542.25 7898.68
8502.82 7895.3
8503.94 7894.77
8421.73 7888.79
8414.5 7892.75
8458.21 7906.9
8393.98 7916.59
8385.72 7914.2
8335.26 7903.47
8349 7899.13
8324.11 7904.09
8300.21 7907.35
8273.81 7909.05
8238.27 7910.69
8235.72 7912.69
8186.31 7915.56
8200.43 7916.15
8190.36 7912.74
8130.74 7879.91
8115.17 7887.37
8115.17 7887.37
8092.91 7926.5
8077.79 7958.14
8077.79 7958.14
8053.68 7933.14
8016.48 7844.16
7985.7 7920.32
7969.13 7936.65
7969.13 7936.65
7958.45 7915.92
7875.37 7909.57
7875.37 7909.57
7878.39 7905.12
7842.17 7870.68
7934.35 7898.5
7934.35 7898.5
7967.69 7899.27
7792.84 7910.99
7792.84 7910.99
7859.31 7912.49
7859.31 7912.49
7823.36 7890.2
7725.54 7906.11
7725.54 7906.11
7688.35 7902.83
7705.95 7900.89
7753.79 7897.86
7753.79 7897.86
7678.81 7902.27
7510.42 7885.12
7510.42 7885.12
7462.74 7917.82
7437.26 7923.64
7437.26 7923.64
7391.11 7906.6
7373.86 7882.27
7330.8 7911.69
7330.8 7911.69
7303.67 7897.07
7250.31 7898.74
7250.31 7898.74
7297.72 7927.93
7180.38 7887.22
7180.38 7887.22
7160.09 7871.77
7175.7 7909.8
7087.74 7895.72
7049.64 7854.09
7049.64 7854.09
7031.87 7872.67
7021.95 7908.14
7021.95 7908.14
6988.67 7895.66
6953.66 7875.26
6862.84 7878.93
6850.83 7874.56
6827.96 7886.63
6820.49 7906.63
6797.34 7895.54
6773.9 7872.89
6739.92 7872.52
6726.38 7887.17
6716.68 7902.09
6688.84 7883.08
6647.58 7880.93
6627.59 7871.61
6615.02 7867
6591.04 7880.26
6577.38 7902.88
6603.67 7872.02
6510.63 7878.6
6513.03 7871.48
6488.18 7878.08
6514.13 7874.84
6460.95 7885.77
6411.48 7884.8
6404.45 7878.76
6412.03 7865.48
6350.86 7879.61
6330.18 7887.83
6279 7889.04
6279 7889.04
6346.21 7885.25
6297.17 7881.31
6216.36 7888.64
6243.91 7881.33
6161.36 7886.79
6116.27 7882.59
6098.07 7875.75
6101.04 7875.87
6074.92 7882.53
6145.23 7885.53
6011.27 7885.1
6098.25 7857.4
5968.25 7878.06
5956.98 7882.56
5938.87 7885.34
5901.66 7883.86
5865.2 7883.77
5887.46 7879.67
5813.83 7883.15
5833.45 7882.52
5797.64 7884.12
5775.73 7882.68
5756.64 7881.95
5709.04 7883.39
5648.43 7884.61
5748.45 7873.63
5652.77 7877.2
5644.82 7880.02
5569.53 7885.09
5601.89 7881.64
5555.91 7882.97
5532.5 7884.75
5515.09 7885.06
5485.28 7886.87
5458.58 7887.09
5432.87 7884.85
5428.89 7882.2
5399.18 7883.38
5390.49 7883.51
5362.3 7885.72
5360.49 7883.59
5309.37 7880.45
5309.37 7880.45
5272.34 7878.26
5272.34 7878.26
5344.17 7878.19
5316.64 7879.13
5316.64 7879.13
5316.64 7879.13
5294.15 7877.71
5294.15 7877.71
5281.95 7876.99
5169.43 7881.28
5125.5 7883.97
5125.5 7883.97
5119.2 7885.63
5080.66 7886.99
5080.66 7886.99
5024.41 7887.87
5108.2 7890.93
5108.2 7890.93
5086.61 7889.45
4940.26 7877.72
4940.26 7877.72
4886.23 7893.6
4872.23 7886.28
4841.34 7878.4
4796.11 7886.94
4796.11 7886.94
4776.89 7871.29
4733.94 7875.69
4710.32 7874.56
4662.11 7887.17
4662.11 7887.17
4645.46 7887.72
4592.29 7874.58
4571.89 7880.63
4548.37 7880.03
4529.56 7877.42
4510.67 7882.53
4480.31 7872.28
4462.53 7862.42
4437.22 7866.13
4419.02 7872.11
4380.32 7872.09
4380.32 7872.09
4348.14 7874.52
4332.13 7873.93
4305.36 7871.63
4302.04 7886.97
4266.29 7890.11
4201.59 7875.95
4186.19 7879.53
4173.21 7877.42
4134.35 7872.85
4189.71 7924.43
4085.16 7873.05
4056.92 7866.67
4048.88 7870.59
4029.39 7873.15
4007.24 7872.14
3986.49 7883.33
3964.75 7882.06
3943.11 7871.9
3919.89 7859.51
3890.67 7867.93
3880.36 7875.38
3846.03 7881.1
3825.66 7872.81
3866.75 7857.48
3780.87 7872.19
3759.46 7878.09
3736.11 7878.32
3718.33 7875.2
3694.84 7872.41
3686.02 7875.39
3646.2 7885.19
3641.69 7885.27
3605.14 7889.04
3542.96 7886.21
3539.38 7887
3519.62 7887
3505.44 7886.67
3473.34 7886.4
3457.12 7883.72
3423.1 7885.31
3406.86 7883.7
3398.11 7884.51
3361.89 7884.61
3348.26 7881.7
3318.15 7880.54
3290.47 7882.43
3274.11 7885.43
3252.3 7885.59
3249.96 7879.64
3226.98 7875.6
3182.73 7877.28
3170.75 7881.36
3129.19 7882.14
3112.59 7883.21
3079.54 7883.19
3073.19 7881.54
3049.78 7882.89
3028.53 7884.51
3014.63 7884.46
3014.63 7884.46
3004.16 7864.14
2980.62 7913.57
2980.62 7913.57
3029.53 7878.54
2921.03 7882.25
2921.03 7882.25
2921.61 7880.22
2965.39 7880.2
2965.39 7880.2
2966.4 7878.54
2829.08 7884.8
2829.08 7884.8
2804.57 7886.62
2760.63 7886.54
2811.08 7879.05
2811.08 7879.05
2701.98 7885.42
2763.32 7881.03
2763.32 7881.03
2644.53 7880.96
2595.6 7885.16
2573.7 7884.98
2573.7 7884.98
2696.06 7874.57
2499.99 7877.03
2499.99 7877.03
2480.44 7880.12
2435.97 7878.66
2435.97 7878.66
2409.29 7875.73
2363.82 8003.01
2350.05 7904.83
2350.05 7904.83
2330.67 7887.11
2309.73 7889.98
2309.73 7889.98
2265.2 7887.36
2243.83 7946.47
2243.83 7946.47
2197.8 7891.62
2176.61 7879.13
2133.83 7899.66
2133.83 7899.66
2111.21 7897.25
2069 7879.06
2069 7879.06
2054.08 7868.54
2022.04 7875.44
2142.85 7857.81
1983.35 7852.96
1983.35 7852.96
1922.32 7861.99
1885.3 7991.68
1885.3 7991.68
1858.15 7859.99
1831.77 7876.19
1831.77 7876.19
1823.96 7926.42
1763.81 7862.45
1743.48 7869.48
1721.64 7865.85
1677 7869.9
1636.47 7864.81
1613.74 7854.44
1594.79 7855.68
1566.81 7846.85
1541.66 7854.07
1523.34 7853.02
1502.47 7852.92
1478.11 7856.83
1451.57 7850.66
1432.83 7848.57
1416.04 7842.34
1388.56 7843.19
1364.81 7850.14
1353.13 7843.35
1322.2 7835.91
1303.01 7842.45
1286.58 7838.62
1258.91 7836.05
1239.75 7832.77
1210.45 7855.74
1191.29 7835.98
1162.22 7839.41
1144.37 7839.65
1140.8 7877.83
1084.04 7906.25
1083.59 7878.83
1053.56 7836.77
1019.97 7841.52
1001.9 7878.6
1013.57 7896.18
960.854 7854.56
939.026 7850.58
939.026 7850.58
912.205 7851.83
893.003 7851.59
851.399 7885.54
911.299 7868.1
835.813 7844.42
782.321 7852.28
751.343 7848.24
735.998 7845.43
714.084 7848.78
695.895 7849.97
666.468 7845.17
648.173 7848.2
624.874 7848.67
600.027 7844.73
580.867 7848.54
581.384 7868.5
533.026 7845.81
506.361 7856.31
491.782 7850.02
476.955 7851.84
447.563 7847.25
421.523 7848.83
401.804 7851.69
385.142 7849.98
351.077 7849.25
335.257 7845.76
305.264 7841.29
295.093 7838.64
261.922 7840.36
244.483 7836.28
225.412 7833.71
171.326 7833.96
152.619 7831.47
133.774 7829.32
97.7758 7830.44
86.3915 7827.57
53.2316 7822.32
44.5314 7824.78
15.045 7833.22
15.045 7833.22
2.04158 7817.32
-35.5183 7822.87
-35.5183 7822.87
-52.9769 7820.95
-66.082 7822.93
-66.082 7822.93
-79.6167 7834.42
-123.084 7828.25
-139.195 7833.94
-179.959 7840.17
-208.166 7844.28
-246.868 7846.09
-262.758 7841.23
-316.57 7849.1
-342.053 7833.82
-350.134 7818.29
-388.428 7834.44
-402.462 7837.55
-424.84 7838.93
-436.81 7824.66
-451.7 7812.58
-508.684 7829.72
-529.861 7825.53
-552.923 7832.49
-582.647 7836.09
-600.441 7826.65
-613.704 7817.74
-636.741 7827.98
-654.214 7831.95
-680.978 7831.22
-734.799 7821.78
-748.726 7822.91
-772.224 7826.44
-772.224 7826.44
-798.003 7824.69
-798.003 7824.69
-821.313 7820.9
-831.955 7815.24
-844.484 7812.41
-859.926 7812.15
-879.672 7810.68
-892.996 7811.14
-914.222 7812
-919.02 7813.25
-932.802 7811.89
-943.879 7809.4
-949.164 7809.76
-957.449 7810.12
-964.968 7811.09
-977.857 7804.1
-987.094 7806.2
-992.234 7805.26
-993.686 7806.8
-1004.25 7805.9
-1007.73 7807.21
-1005.66 7803.6
-1016.84 7806.96
-1023.52 7809.55
-1027.22 7805.43
-1026.29 7805.02
-1039.25 7805.27
-1041.26 7807.18
-1045.39 7808.76
-1050.93 7807.78
-1058.05 7806.47
-1056.18 7803.5
-1068.38 7805.26
-1071.24 7807.16
-1074.86 7804.32
-1074.86 7804.32
-1080.58 7806.24
-1085 7805.31
-1092.75 7804.07
-1098.17 7805.48
-1102.58 7804.87
-1045 7797.28
-1101.84 7803.67
-1116.71 7805.79
-1118.33 7802.48
-1129.3 7804.03
-1130.45 7804.64
-1134.22 7804.04
-1145.22 7804.09
-1142.13 7802.57
-1153.62 7801.76
-1164.85 7803.67
-1172.93 7802.88
-1178.9 7801.73
-1177.43 7800.62
-1182.75 7798.81
-1191.76 7800.3
-1191.76 7800.3
-1198.72 7799.03
-1207.95 7800.55
-1205.98 7797.9
-1220.38 7799.66
-1222.77 7799.41
-1240.9 7801.68
-1239.69 7799.36
-1239.57 7799.96
-1245.98 7797.29
-1255.9 7798.78
-1257.5 7800.74
-1266.97 7799.86
-1275.23 7799.88
-1279.69 7801.06
-1286.51 7802.14
-1295.01 7804.12
-1291.29 7801.73
-1302.5 7802.07
-1308.85 7801.31
-1312.94 7804.51
-1326.53 7804.14
-1333.35 7804.24
-1333.35 7804.24
-1329.39 7802.48
-1342.44 7806.37
-1348.47 7805.9
-1349.97 7804.74
-1357.1 7805.66
-1359.22 7804.47
-1379.06 7806.2
-1380.6 7804.32
-1380.56 7804.71
-1393.47 7805.44
-1394.47 7807.12
-1399.43 7805.5
