
16 102.0 -898.543 1542.13 562.642 -1.56278 -1.55359
13 0 0 857.577 606.539 0 -1.56295
11 717.803 11.66 1911.38 549.378 -0.0181036 1.62888
17 3149.96 99.5414 1913.92 483.326 0.0125131 1.56584
9 6097.44 191.271 1763.83 501.103 -0.013597 0.0322886
18 8479.98 228.893 1893.74 649.267 -0.00890166 -3.10991
3 10989.8 293.547 1764.47 361.671 -0.00806378 0.0196086
10 13928 1246.92 1258.67 978.114 0.65567 2.47461
20 14142 3025.82 1706.23 766.607 1.35706 0.167955
6 14018.1 4587.11 1905.69 457.842 1.57601 1.52258
1 13902.4 6173.07 1903.22 610.736 1.57168 1.56935
4 12012.4 7944.34 1593.21 734.345 2.80996 -2.7465
5 10504.8 7908.52 1900.13 636.338 3.10813 -3.07521
7 7577.73 7733.65 1908.12 362.271 3.16433 -3.12416
15 5008.2 7753.21 1757.11 380.344 3.09785 -0.0112657
12 2389.67 7705.64 1898.51 410.451 3.13046 1.57921
2 197.588 7573.74 1757.56 582.64 3.16205 0.00193241
14 -370.283 6599.93 406.451 553.901 1.82679 2.91455
