13 0 0 558.69 613.46 0 -1.61459
11 20.7901 -11.7394 1917.6 494.801 -0.0112074 1.58481
16 -159.719 -989.741 1446.11 200.084 -1.33768 -1.83278
17 2496.28 -4.6496 1914.28 475.369 -0.0359533 1.59173
9 5922.64 61.5495 1559.23 430.553 -0.00181793 0.00177087
18 7804.96 8.8161 1910.35 601.266 -0.000519254 -3.12944
3 10286.4 226.349 1750.58 149.864 0.0960213 -0.104068
10 13256.1 923.678 1206.45 1003.61 0.492766 2.63332
1 13358.4 2903.08 1632.39 575.357 1.52083 0.00754724
6 13254.5 4316.7 1901.67 376.263 1.59865 1.50438
20 13236.2 5865.58 1755.7 811.581 1.54059 -1.50133
4 12041 7656.17 1786.52 1067.74 2.48319 -2.44331
5 9840.29 7358.41 1915.33 340.471 3.189 3.10037
7 6819.17 7391.83 1909.86 254.385 3.11075 -3.09583
15 4222.56 7688.68 1761.31 339.741 3.06341 -0.00320544
12 303.245 7763.5 1351.33 358.804 3.12904 1.54617
2 -632.437 7769.59 1759.2 614.564 3.10877 0.0234539
14 -842.567 7137.33 266.611 679.618 1.68513 3.00856
